
0 -> 
(((-1, 0, 0, 0), (0, -1, 0, 0), (0, 0, -1, 0), (0, 0, 0, -1)), 0, 0)

1 -> 
(((-1, 0, 0, 0), (0, -1, 0, 0), (0, 0, 0, -1), (0, 0, -1, 0)), 1, 0)

2 -> 
(((-1, 0, 0, 0), (0, 0, -1, 0), (0, -1, 0, 0), (0, 0, 0, -1)), 2, 0)

3 -> 
(((-1, 0, 0, 0), (0, 0, 0, -1), (0, -1, 0, 0), (0, 0, -1, 0)), 3, 0)

4 -> 
(((-1, 0, 0, 0), (0, 0, -1, 0), (0, 0, 0, -1), (0, -1, 0, 0)), 4, 0)

5 -> 
(((-1, 0, 0, 0), (0, 0, 0, -1), (0, 0, -1, 0), (0, -1, 0, 0)), 5, 0)

6 -> 
(((0, -1, 0, 0), (-1, 0, 0, 0), (0, 0, -1, 0), (0, 0, 0, -1)), 6, 0)

7 -> 
(((0, -1, 0, 0), (-1, 0, 0, 0), (0, 0, 0, -1), (0, 0, -1, 0)), 7, 0)

8 -> 
(((0, 0, -1, 0), (-1, 0, 0, 0), (0, -1, 0, 0), (0, 0, 0, -1)), 8, 0)

9 -> 
(((0, 0, 0, -1), (-1, 0, 0, 0), (0, -1, 0, 0), (0, 0, -1, 0)), 9, 0)

10 -> 
(((0, 0, -1, 0), (-1, 0, 0, 0), (0, 0, 0, -1), (0, -1, 0, 0)), 10, 0)

11 -> 
(((0, 0, 0, -1), (-1, 0, 0, 0), (0, 0, -1, 0), (0, -1, 0, 0)), 11, 0)

12 -> 
(((0, -1, 0, 0), (0, 0, -1, 0), (-1, 0, 0, 0), (0, 0, 0, -1)), 12, 0)

13 -> 
(((0, -1, 0, 0), (0, 0, 0, -1), (-1, 0, 0, 0), (0, 0, -1, 0)), 13, 0)

14 -> 
(((0, 0, -1, 0), (0, -1, 0, 0), (-1, 0, 0, 0), (0, 0, 0, -1)), 14, 0)

15 -> 
(((0, 0, 0, -1), (0, -1, 0, 0), (-1, 0, 0, 0), (0, 0, -1, 0)), 15, 0)

16 -> 
(((0, 0, -1, 0), (0, 0, 0, -1), (-1, 0, 0, 0), (0, -1, 0, 0)), 16, 0)

17 -> 
(((0, 0, 0, -1), (0, 0, -1, 0), (-1, 0, 0, 0), (0, -1, 0, 0)), 17, 0)

18 -> 
(((0, -1, 0, 0), (0, 0, -1, 0), (0, 0, 0, -1), (-1, 0, 0, 0)), 18, 0)

19 -> 
(((0, -1, 0, 0), (0, 0, 0, -1), (0, 0, -1, 0), (-1, 0, 0, 0)), 19, 0)

20 -> 
(((0, 0, -1, 0), (0, -1, 0, 0), (0, 0, 0, -1), (-1, 0, 0, 0)), 20, 0)

21 -> 
(((0, 0, 0, -1), (0, -1, 0, 0), (0, 0, -1, 0), (-1, 0, 0, 0)), 21, 0)

22 -> 
(((0, 0, -1, 0), (0, 0, 0, -1), (0, -1, 0, 0), (-1, 0, 0, 0)), 22, 0)

23 -> 
(((0, 0, 0, -1), (0, 0, -1, 0), (0, -1, 0, 0), (-1, 0, 0, 0)), 23, 0)

24 -> 
(((-1, 0, 0, 0), (0, -1, 0, 0), (0, 0, -1, 0), (0, 0, 0, 1)), 0, 1)

25 -> 
(((-1, 0, 0, 0), (0, -1, 0, 0), (0, 0, 0, -1), (0, 0, 1, 0)), 1, 1)

26 -> 
(((-1, 0, 0, 0), (0, 0, -1, 0), (0, -1, 0, 0), (0, 0, 0, 1)), 2, 1)

27 -> 
(((-1, 0, 0, 0), (0, 0, 0, -1), (0, -1, 0, 0), (0, 0, 1, 0)), 3, 1)

28 -> 
(((-1, 0, 0, 0), (0, 0, -1, 0), (0, 0, 0, -1), (0, 1, 0, 0)), 4, 1)

29 -> 
(((-1, 0, 0, 0), (0, 0, 0, -1), (0, 0, -1, 0), (0, 1, 0, 0)), 5, 1)

30 -> 
(((0, -1, 0, 0), (-1, 0, 0, 0), (0, 0, -1, 0), (0, 0, 0, 1)), 6, 1)

31 -> 
(((0, -1, 0, 0), (-1, 0, 0, 0), (0, 0, 0, -1), (0, 0, 1, 0)), 7, 1)

32 -> 
(((0, 0, -1, 0), (-1, 0, 0, 0), (0, -1, 0, 0), (0, 0, 0, 1)), 8, 1)

33 -> 
(((0, 0, 0, -1), (-1, 0, 0, 0), (0, -1, 0, 0), (0, 0, 1, 0)), 9, 1)

34 -> 
(((0, 0, -1, 0), (-1, 0, 0, 0), (0, 0, 0, -1), (0, 1, 0, 0)), 10, 1)

35 -> 
(((0, 0, 0, -1), (-1, 0, 0, 0), (0, 0, -1, 0), (0, 1, 0, 0)), 11, 1)

36 -> 
(((0, -1, 0, 0), (0, 0, -1, 0), (-1, 0, 0, 0), (0, 0, 0, 1)), 12, 1)

37 -> 
(((0, -1, 0, 0), (0, 0, 0, -1), (-1, 0, 0, 0), (0, 0, 1, 0)), 13, 1)

38 -> 
(((0, 0, -1, 0), (0, -1, 0, 0), (-1, 0, 0, 0), (0, 0, 0, 1)), 14, 1)

39 -> 
(((0, 0, 0, -1), (0, -1, 0, 0), (-1, 0, 0, 0), (0, 0, 1, 0)), 15, 1)

40 -> 
(((0, 0, -1, 0), (0, 0, 0, -1), (-1, 0, 0, 0), (0, 1, 0, 0)), 16, 1)

41 -> 
(((0, 0, 0, -1), (0, 0, -1, 0), (-1, 0, 0, 0), (0, 1, 0, 0)), 17, 1)

42 -> 
(((0, -1, 0, 0), (0, 0, -1, 0), (0, 0, 0, -1), (1, 0, 0, 0)), 18, 1)

43 -> 
(((0, -1, 0, 0), (0, 0, 0, -1), (0, 0, -1, 0), (1, 0, 0, 0)), 19, 1)

44 -> 
(((0, 0, -1, 0), (0, -1, 0, 0), (0, 0, 0, -1), (1, 0, 0, 0)), 20, 1)

45 -> 
(((0, 0, 0, -1), (0, -1, 0, 0), (0, 0, -1, 0), (1, 0, 0, 0)), 21, 1)

46 -> 
(((0, 0, -1, 0), (0, 0, 0, -1), (0, -1, 0, 0), (1, 0, 0, 0)), 22, 1)

47 -> 
(((0, 0, 0, -1), (0, 0, -1, 0), (0, -1, 0, 0), (1, 0, 0, 0)), 23, 1)

48 -> 
(((-1, 0, 0, 0), (0, -1, 0, 0), (0, 0, 1, 0), (0, 0, 0, -1)), 0, 2)

49 -> 
(((-1, 0, 0, 0), (0, -1, 0, 0), (0, 0, 0, 1), (0, 0, -1, 0)), 1, 2)

50 -> 
(((-1, 0, 0, 0), (0, 0, -1, 0), (0, 1, 0, 0), (0, 0, 0, -1)), 2, 2)

51 -> 
(((-1, 0, 0, 0), (0, 0, 0, -1), (0, 1, 0, 0), (0, 0, -1, 0)), 3, 2)

52 -> 
(((-1, 0, 0, 0), (0, 0, -1, 0), (0, 0, 0, 1), (0, -1, 0, 0)), 4, 2)

53 -> 
(((-1, 0, 0, 0), (0, 0, 0, -1), (0, 0, 1, 0), (0, -1, 0, 0)), 5, 2)

54 -> 
(((0, -1, 0, 0), (-1, 0, 0, 0), (0, 0, 1, 0), (0, 0, 0, -1)), 6, 2)

55 -> 
(((0, -1, 0, 0), (-1, 0, 0, 0), (0, 0, 0, 1), (0, 0, -1, 0)), 7, 2)

56 -> 
(((0, 0, -1, 0), (-1, 0, 0, 0), (0, 1, 0, 0), (0, 0, 0, -1)), 8, 2)

57 -> 
(((0, 0, 0, -1), (-1, 0, 0, 0), (0, 1, 0, 0), (0, 0, -1, 0)), 9, 2)

58 -> 
(((0, 0, -1, 0), (-1, 0, 0, 0), (0, 0, 0, 1), (0, -1, 0, 0)), 10, 2)

59 -> 
(((0, 0, 0, -1), (-1, 0, 0, 0), (0, 0, 1, 0), (0, -1, 0, 0)), 11, 2)

60 -> 
(((0, -1, 0, 0), (0, 0, -1, 0), (1, 0, 0, 0), (0, 0, 0, -1)), 12, 2)

61 -> 
(((0, -1, 0, 0), (0, 0, 0, -1), (1, 0, 0, 0), (0, 0, -1, 0)), 13, 2)

62 -> 
(((0, 0, -1, 0), (0, -1, 0, 0), (1, 0, 0, 0), (0, 0, 0, -1)), 14, 2)

63 -> 
(((0, 0, 0, -1), (0, -1, 0, 0), (1, 0, 0, 0), (0, 0, -1, 0)), 15, 2)

64 -> 
(((0, 0, -1, 0), (0, 0, 0, -1), (1, 0, 0, 0), (0, -1, 0, 0)), 16, 2)

65 -> 
(((0, 0, 0, -1), (0, 0, -1, 0), (1, 0, 0, 0), (0, -1, 0, 0)), 17, 2)

66 -> 
(((0, -1, 0, 0), (0, 0, -1, 0), (0, 0, 0, 1), (-1, 0, 0, 0)), 18, 2)

67 -> 
(((0, -1, 0, 0), (0, 0, 0, -1), (0, 0, 1, 0), (-1, 0, 0, 0)), 19, 2)

68 -> 
(((0, 0, -1, 0), (0, -1, 0, 0), (0, 0, 0, 1), (-1, 0, 0, 0)), 20, 2)

69 -> 
(((0, 0, 0, -1), (0, -1, 0, 0), (0, 0, 1, 0), (-1, 0, 0, 0)), 21, 2)

70 -> 
(((0, 0, -1, 0), (0, 0, 0, -1), (0, 1, 0, 0), (-1, 0, 0, 0)), 22, 2)

71 -> 
(((0, 0, 0, -1), (0, 0, -1, 0), (0, 1, 0, 0), (-1, 0, 0, 0)), 23, 2)

72 -> 
(((-1, 0, 0, 0), (0, -1, 0, 0), (0, 0, 1, 0), (0, 0, 0, 1)), 0, 3)

73 -> 
(((-1, 0, 0, 0), (0, -1, 0, 0), (0, 0, 0, 1), (0, 0, 1, 0)), 1, 3)

74 -> 
(((-1, 0, 0, 0), (0, 0, -1, 0), (0, 1, 0, 0), (0, 0, 0, 1)), 2, 3)

75 -> 
(((-1, 0, 0, 0), (0, 0, 0, -1), (0, 1, 0, 0), (0, 0, 1, 0)), 3, 3)

76 -> 
(((-1, 0, 0, 0), (0, 0, -1, 0), (0, 0, 0, 1), (0, 1, 0, 0)), 4, 3)

77 -> 
(((-1, 0, 0, 0), (0, 0, 0, -1), (0, 0, 1, 0), (0, 1, 0, 0)), 5, 3)

78 -> 
(((0, -1, 0, 0), (-1, 0, 0, 0), (0, 0, 1, 0), (0, 0, 0, 1)), 6, 3)

79 -> 
(((0, -1, 0, 0), (-1, 0, 0, 0), (0, 0, 0, 1), (0, 0, 1, 0)), 7, 3)

80 -> 
(((0, 0, -1, 0), (-1, 0, 0, 0), (0, 1, 0, 0), (0, 0, 0, 1)), 8, 3)

81 -> 
(((0, 0, 0, -1), (-1, 0, 0, 0), (0, 1, 0, 0), (0, 0, 1, 0)), 9, 3)

82 -> 
(((0, 0, -1, 0), (-1, 0, 0, 0), (0, 0, 0, 1), (0, 1, 0, 0)), 10, 3)

83 -> 
(((0, 0, 0, -1), (-1, 0, 0, 0), (0, 0, 1, 0), (0, 1, 0, 0)), 11, 3)

84 -> 
(((0, -1, 0, 0), (0, 0, -1, 0), (1, 0, 0, 0), (0, 0, 0, 1)), 12, 3)

85 -> 
(((0, -1, 0, 0), (0, 0, 0, -1), (1, 0, 0, 0), (0, 0, 1, 0)), 13, 3)

86 -> 
(((0, 0, -1, 0), (0, -1, 0, 0), (1, 0, 0, 0), (0, 0, 0, 1)), 14, 3)

87 -> 
(((0, 0, 0, -1), (0, -1, 0, 0), (1, 0, 0, 0), (0, 0, 1, 0)), 15, 3)

88 -> 
(((0, 0, -1, 0), (0, 0, 0, -1), (1, 0, 0, 0), (0, 1, 0, 0)), 16, 3)

89 -> 
(((0, 0, 0, -1), (0, 0, -1, 0), (1, 0, 0, 0), (0, 1, 0, 0)), 17, 3)

90 -> 
(((0, -1, 0, 0), (0, 0, -1, 0), (0, 0, 0, 1), (1, 0, 0, 0)), 18, 3)

91 -> 
(((0, -1, 0, 0), (0, 0, 0, -1), (0, 0, 1, 0), (1, 0, 0, 0)), 19, 3)

92 -> 
(((0, 0, -1, 0), (0, -1, 0, 0), (0, 0, 0, 1), (1, 0, 0, 0)), 20, 3)

93 -> 
(((0, 0, 0, -1), (0, -1, 0, 0), (0, 0, 1, 0), (1, 0, 0, 0)), 21, 3)

94 -> 
(((0, 0, -1, 0), (0, 0, 0, -1), (0, 1, 0, 0), (1, 0, 0, 0)), 22, 3)

95 -> 
(((0, 0, 0, -1), (0, 0, -1, 0), (0, 1, 0, 0), (1, 0, 0, 0)), 23, 3)

96 -> 
(((-1, 0, 0, 0), (0, 1, 0, 0), (0, 0, -1, 0), (0, 0, 0, -1)), 0, 4)

97 -> 
(((-1, 0, 0, 0), (0, 1, 0, 0), (0, 0, 0, -1), (0, 0, -1, 0)), 1, 4)

98 -> 
(((-1, 0, 0, 0), (0, 0, 1, 0), (0, -1, 0, 0), (0, 0, 0, -1)), 2, 4)

99 -> 
(((-1, 0, 0, 0), (0, 0, 0, 1), (0, -1, 0, 0), (0, 0, -1, 0)), 3, 4)

100 -> 
(((-1, 0, 0, 0), (0, 0, 1, 0), (0, 0, 0, -1), (0, -1, 0, 0)), 4, 4)

101 -> 
(((-1, 0, 0, 0), (0, 0, 0, 1), (0, 0, -1, 0), (0, -1, 0, 0)), 5, 4)

102 -> 
(((0, -1, 0, 0), (1, 0, 0, 0), (0, 0, -1, 0), (0, 0, 0, -1)), 6, 4)

103 -> 
(((0, -1, 0, 0), (1, 0, 0, 0), (0, 0, 0, -1), (0, 0, -1, 0)), 7, 4)

104 -> 
(((0, 0, -1, 0), (1, 0, 0, 0), (0, -1, 0, 0), (0, 0, 0, -1)), 8, 4)

105 -> 
(((0, 0, 0, -1), (1, 0, 0, 0), (0, -1, 0, 0), (0, 0, -1, 0)), 9, 4)

106 -> 
(((0, 0, -1, 0), (1, 0, 0, 0), (0, 0, 0, -1), (0, -1, 0, 0)), 10, 4)

107 -> 
(((0, 0, 0, -1), (1, 0, 0, 0), (0, 0, -1, 0), (0, -1, 0, 0)), 11, 4)

108 -> 
(((0, -1, 0, 0), (0, 0, 1, 0), (-1, 0, 0, 0), (0, 0, 0, -1)), 12, 4)

109 -> 
(((0, -1, 0, 0), (0, 0, 0, 1), (-1, 0, 0, 0), (0, 0, -1, 0)), 13, 4)

110 -> 
(((0, 0, -1, 0), (0, 1, 0, 0), (-1, 0, 0, 0), (0, 0, 0, -1)), 14, 4)

111 -> 
(((0, 0, 0, -1), (0, 1, 0, 0), (-1, 0, 0, 0), (0, 0, -1, 0)), 15, 4)

112 -> 
(((0, 0, -1, 0), (0, 0, 0, 1), (-1, 0, 0, 0), (0, -1, 0, 0)), 16, 4)

113 -> 
(((0, 0, 0, -1), (0, 0, 1, 0), (-1, 0, 0, 0), (0, -1, 0, 0)), 17, 4)

114 -> 
(((0, -1, 0, 0), (0, 0, 1, 0), (0, 0, 0, -1), (-1, 0, 0, 0)), 18, 4)

115 -> 
(((0, -1, 0, 0), (0, 0, 0, 1), (0, 0, -1, 0), (-1, 0, 0, 0)), 19, 4)

116 -> 
(((0, 0, -1, 0), (0, 1, 0, 0), (0, 0, 0, -1), (-1, 0, 0, 0)), 20, 4)

117 -> 
(((0, 0, 0, -1), (0, 1, 0, 0), (0, 0, -1, 0), (-1, 0, 0, 0)), 21, 4)

118 -> 
(((0, 0, -1, 0), (0, 0, 0, 1), (0, -1, 0, 0), (-1, 0, 0, 0)), 22, 4)

119 -> 
(((0, 0, 0, -1), (0, 0, 1, 0), (0, -1, 0, 0), (-1, 0, 0, 0)), 23, 4)

120 -> 
(((-1, 0, 0, 0), (0, 1, 0, 0), (0, 0, -1, 0), (0, 0, 0, 1)), 0, 5)

121 -> 
(((-1, 0, 0, 0), (0, 1, 0, 0), (0, 0, 0, -1), (0, 0, 1, 0)), 1, 5)

122 -> 
(((-1, 0, 0, 0), (0, 0, 1, 0), (0, -1, 0, 0), (0, 0, 0, 1)), 2, 5)

123 -> 
(((-1, 0, 0, 0), (0, 0, 0, 1), (0, -1, 0, 0), (0, 0, 1, 0)), 3, 5)

124 -> 
(((-1, 0, 0, 0), (0, 0, 1, 0), (0, 0, 0, -1), (0, 1, 0, 0)), 4, 5)

125 -> 
(((-1, 0, 0, 0), (0, 0, 0, 1), (0, 0, -1, 0), (0, 1, 0, 0)), 5, 5)

126 -> 
(((0, -1, 0, 0), (1, 0, 0, 0), (0, 0, -1, 0), (0, 0, 0, 1)), 6, 5)

127 -> 
(((0, -1, 0, 0), (1, 0, 0, 0), (0, 0, 0, -1), (0, 0, 1, 0)), 7, 5)

128 -> 
(((0, 0, -1, 0), (1, 0, 0, 0), (0, -1, 0, 0), (0, 0, 0, 1)), 8, 5)

129 -> 
(((0, 0, 0, -1), (1, 0, 0, 0), (0, -1, 0, 0), (0, 0, 1, 0)), 9, 5)

130 -> 
(((0, 0, -1, 0), (1, 0, 0, 0), (0, 0, 0, -1), (0, 1, 0, 0)), 10, 5)

131 -> 
(((0, 0, 0, -1), (1, 0, 0, 0), (0, 0, -1, 0), (0, 1, 0, 0)), 11, 5)

132 -> 
(((0, -1, 0, 0), (0, 0, 1, 0), (-1, 0, 0, 0), (0, 0, 0, 1)), 12, 5)

133 -> 
(((0, -1, 0, 0), (0, 0, 0, 1), (-1, 0, 0, 0), (0, 0, 1, 0)), 13, 5)

134 -> 
(((0, 0, -1, 0), (0, 1, 0, 0), (-1, 0, 0, 0), (0, 0, 0, 1)), 14, 5)

135 -> 
(((0, 0, 0, -1), (0, 1, 0, 0), (-1, 0, 0, 0), (0, 0, 1, 0)), 15, 5)

136 -> 
(((0, 0, -1, 0), (0, 0, 0, 1), (-1, 0, 0, 0), (0, 1, 0, 0)), 16, 5)

137 -> 
(((0, 0, 0, -1), (0, 0, 1, 0), (-1, 0, 0, 0), (0, 1, 0, 0)), 17, 5)

138 -> 
(((0, -1, 0, 0), (0, 0, 1, 0), (0, 0, 0, -1), (1, 0, 0, 0)), 18, 5)

139 -> 
(((0, -1, 0, 0), (0, 0, 0, 1), (0, 0, -1, 0), (1, 0, 0, 0)), 19, 5)

140 -> 
(((0, 0, -1, 0), (0, 1, 0, 0), (0, 0, 0, -1), (1, 0, 0, 0)), 20, 5)

141 -> 
(((0, 0, 0, -1), (0, 1, 0, 0), (0, 0, -1, 0), (1, 0, 0, 0)), 21, 5)

142 -> 
(((0, 0, -1, 0), (0, 0, 0, 1), (0, -1, 0, 0), (1, 0, 0, 0)), 22, 5)

143 -> 
(((0, 0, 0, -1), (0, 0, 1, 0), (0, -1, 0, 0), (1, 0, 0, 0)), 23, 5)

144 -> 
(((-1, 0, 0, 0), (0, 1, 0, 0), (0, 0, 1, 0), (0, 0, 0, -1)), 0, 6)

145 -> 
(((-1, 0, 0, 0), (0, 1, 0, 0), (0, 0, 0, 1), (0, 0, -1, 0)), 1, 6)

146 -> 
(((-1, 0, 0, 0), (0, 0, 1, 0), (0, 1, 0, 0), (0, 0, 0, -1)), 2, 6)

147 -> 
(((-1, 0, 0, 0), (0, 0, 0, 1), (0, 1, 0, 0), (0, 0, -1, 0)), 3, 6)

148 -> 
(((-1, 0, 0, 0), (0, 0, 1, 0), (0, 0, 0, 1), (0, -1, 0, 0)), 4, 6)

149 -> 
(((-1, 0, 0, 0), (0, 0, 0, 1), (0, 0, 1, 0), (0, -1, 0, 0)), 5, 6)

150 -> 
(((0, -1, 0, 0), (1, 0, 0, 0), (0, 0, 1, 0), (0, 0, 0, -1)), 6, 6)

151 -> 
(((0, -1, 0, 0), (1, 0, 0, 0), (0, 0, 0, 1), (0, 0, -1, 0)), 7, 6)

152 -> 
(((0, 0, -1, 0), (1, 0, 0, 0), (0, 1, 0, 0), (0, 0, 0, -1)), 8, 6)

153 -> 
(((0, 0, 0, -1), (1, 0, 0, 0), (0, 1, 0, 0), (0, 0, -1, 0)), 9, 6)

154 -> 
(((0, 0, -1, 0), (1, 0, 0, 0), (0, 0, 0, 1), (0, -1, 0, 0)), 10, 6)

155 -> 
(((0, 0, 0, -1), (1, 0, 0, 0), (0, 0, 1, 0), (0, -1, 0, 0)), 11, 6)

156 -> 
(((0, -1, 0, 0), (0, 0, 1, 0), (1, 0, 0, 0), (0, 0, 0, -1)), 12, 6)

157 -> 
(((0, -1, 0, 0), (0, 0, 0, 1), (1, 0, 0, 0), (0, 0, -1, 0)), 13, 6)

158 -> 
(((0, 0, -1, 0), (0, 1, 0, 0), (1, 0, 0, 0), (0, 0, 0, -1)), 14, 6)

159 -> 
(((0, 0, 0, -1), (0, 1, 0, 0), (1, 0, 0, 0), (0, 0, -1, 0)), 15, 6)

160 -> 
(((0, 0, -1, 0), (0, 0, 0, 1), (1, 0, 0, 0), (0, -1, 0, 0)), 16, 6)

161 -> 
(((0, 0, 0, -1), (0, 0, 1, 0), (1, 0, 0, 0), (0, -1, 0, 0)), 17, 6)

162 -> 
(((0, -1, 0, 0), (0, 0, 1, 0), (0, 0, 0, 1), (-1, 0, 0, 0)), 18, 6)

163 -> 
(((0, -1, 0, 0), (0, 0, 0, 1), (0, 0, 1, 0), (-1, 0, 0, 0)), 19, 6)

164 -> 
(((0, 0, -1, 0), (0, 1, 0, 0), (0, 0, 0, 1), (-1, 0, 0, 0)), 20, 6)

165 -> 
(((0, 0, 0, -1), (0, 1, 0, 0), (0, 0, 1, 0), (-1, 0, 0, 0)), 21, 6)

166 -> 
(((0, 0, -1, 0), (0, 0, 0, 1), (0, 1, 0, 0), (-1, 0, 0, 0)), 22, 6)

167 -> 
(((0, 0, 0, -1), (0, 0, 1, 0), (0, 1, 0, 0), (-1, 0, 0, 0)), 23, 6)

168 -> 
(((-1, 0, 0, 0), (0, 1, 0, 0), (0, 0, 1, 0), (0, 0, 0, 1)), 0, 7)

169 -> 
(((-1, 0, 0, 0), (0, 1, 0, 0), (0, 0, 0, 1), (0, 0, 1, 0)), 1, 7)

170 -> 
(((-1, 0, 0, 0), (0, 0, 1, 0), (0, 1, 0, 0), (0, 0, 0, 1)), 2, 7)

171 -> 
(((-1, 0, 0, 0), (0, 0, 0, 1), (0, 1, 0, 0), (0, 0, 1, 0)), 3, 7)

172 -> 
(((-1, 0, 0, 0), (0, 0, 1, 0), (0, 0, 0, 1), (0, 1, 0, 0)), 4, 7)

173 -> 
(((-1, 0, 0, 0), (0, 0, 0, 1), (0, 0, 1, 0), (0, 1, 0, 0)), 5, 7)

174 -> 
(((0, -1, 0, 0), (1, 0, 0, 0), (0, 0, 1, 0), (0, 0, 0, 1)), 6, 7)

175 -> 
(((0, -1, 0, 0), (1, 0, 0, 0), (0, 0, 0, 1), (0, 0, 1, 0)), 7, 7)

176 -> 
(((0, 0, -1, 0), (1, 0, 0, 0), (0, 1, 0, 0), (0, 0, 0, 1)), 8, 7)

177 -> 
(((0, 0, 0, -1), (1, 0, 0, 0), (0, 1, 0, 0), (0, 0, 1, 0)), 9, 7)

178 -> 
(((0, 0, -1, 0), (1, 0, 0, 0), (0, 0, 0, 1), (0, 1, 0, 0)), 10, 7)

179 -> 
(((0, 0, 0, -1), (1, 0, 0, 0), (0, 0, 1, 0), (0, 1, 0, 0)), 11, 7)

180 -> 
(((0, -1, 0, 0), (0, 0, 1, 0), (1, 0, 0, 0), (0, 0, 0, 1)), 12, 7)

181 -> 
(((0, -1, 0, 0), (0, 0, 0, 1), (1, 0, 0, 0), (0, 0, 1, 0)), 13, 7)

182 -> 
(((0, 0, -1, 0), (0, 1, 0, 0), (1, 0, 0, 0), (0, 0, 0, 1)), 14, 7)

183 -> 
(((0, 0, 0, -1), (0, 1, 0, 0), (1, 0, 0, 0), (0, 0, 1, 0)), 15, 7)

184 -> 
(((0, 0, -1, 0), (0, 0, 0, 1), (1, 0, 0, 0), (0, 1, 0, 0)), 16, 7)

185 -> 
(((0, 0, 0, -1), (0, 0, 1, 0), (1, 0, 0, 0), (0, 1, 0, 0)), 17, 7)

186 -> 
(((0, -1, 0, 0), (0, 0, 1, 0), (0, 0, 0, 1), (1, 0, 0, 0)), 18, 7)

187 -> 
(((0, -1, 0, 0), (0, 0, 0, 1), (0, 0, 1, 0), (1, 0, 0, 0)), 19, 7)

188 -> 
(((0, 0, -1, 0), (0, 1, 0, 0), (0, 0, 0, 1), (1, 0, 0, 0)), 20, 7)

189 -> 
(((0, 0, 0, -1), (0, 1, 0, 0), (0, 0, 1, 0), (1, 0, 0, 0)), 21, 7)

190 -> 
(((0, 0, -1, 0), (0, 0, 0, 1), (0, 1, 0, 0), (1, 0, 0, 0)), 22, 7)

191 -> 
(((0, 0, 0, -1), (0, 0, 1, 0), (0, 1, 0, 0), (1, 0, 0, 0)), 23, 7)

192 -> 
(((1, 0, 0, 0), (0, -1, 0, 0), (0, 0, -1, 0), (0, 0, 0, -1)), 0, 8)

193 -> 
(((1, 0, 0, 0), (0, -1, 0, 0), (0, 0, 0, -1), (0, 0, -1, 0)), 1, 8)

194 -> 
(((1, 0, 0, 0), (0, 0, -1, 0), (0, -1, 0, 0), (0, 0, 0, -1)), 2, 8)

195 -> 
(((1, 0, 0, 0), (0, 0, 0, -1), (0, -1, 0, 0), (0, 0, -1, 0)), 3, 8)

196 -> 
(((1, 0, 0, 0), (0, 0, -1, 0), (0, 0, 0, -1), (0, -1, 0, 0)), 4, 8)

197 -> 
(((1, 0, 0, 0), (0, 0, 0, -1), (0, 0, -1, 0), (0, -1, 0, 0)), 5, 8)

198 -> 
(((0, 1, 0, 0), (-1, 0, 0, 0), (0, 0, -1, 0), (0, 0, 0, -1)), 6, 8)

199 -> 
(((0, 1, 0, 0), (-1, 0, 0, 0), (0, 0, 0, -1), (0, 0, -1, 0)), 7, 8)

200 -> 
(((0, 0, 1, 0), (-1, 0, 0, 0), (0, -1, 0, 0), (0, 0, 0, -1)), 8, 8)

201 -> 
(((0, 0, 0, 1), (-1, 0, 0, 0), (0, -1, 0, 0), (0, 0, -1, 0)), 9, 8)

202 -> 
(((0, 0, 1, 0), (-1, 0, 0, 0), (0, 0, 0, -1), (0, -1, 0, 0)), 10, 8)

203 -> 
(((0, 0, 0, 1), (-1, 0, 0, 0), (0, 0, -1, 0), (0, -1, 0, 0)), 11, 8)

204 -> 
(((0, 1, 0, 0), (0, 0, -1, 0), (-1, 0, 0, 0), (0, 0, 0, -1)), 12, 8)

205 -> 
(((0, 1, 0, 0), (0, 0, 0, -1), (-1, 0, 0, 0), (0, 0, -1, 0)), 13, 8)

206 -> 
(((0, 0, 1, 0), (0, -1, 0, 0), (-1, 0, 0, 0), (0, 0, 0, -1)), 14, 8)

207 -> 
(((0, 0, 0, 1), (0, -1, 0, 0), (-1, 0, 0, 0), (0, 0, -1, 0)), 15, 8)

208 -> 
(((0, 0, 1, 0), (0, 0, 0, -1), (-1, 0, 0, 0), (0, -1, 0, 0)), 16, 8)

209 -> 
(((0, 0, 0, 1), (0, 0, -1, 0), (-1, 0, 0, 0), (0, -1, 0, 0)), 17, 8)

210 -> 
(((0, 1, 0, 0), (0, 0, -1, 0), (0, 0, 0, -1), (-1, 0, 0, 0)), 18, 8)

211 -> 
(((0, 1, 0, 0), (0, 0, 0, -1), (0, 0, -1, 0), (-1, 0, 0, 0)), 19, 8)

212 -> 
(((0, 0, 1, 0), (0, -1, 0, 0), (0, 0, 0, -1), (-1, 0, 0, 0)), 20, 8)

213 -> 
(((0, 0, 0, 1), (0, -1, 0, 0), (0, 0, -1, 0), (-1, 0, 0, 0)), 21, 8)

214 -> 
(((0, 0, 1, 0), (0, 0, 0, -1), (0, -1, 0, 0), (-1, 0, 0, 0)), 22, 8)

215 -> 
(((0, 0, 0, 1), (0, 0, -1, 0), (0, -1, 0, 0), (-1, 0, 0, 0)), 23, 8)

216 -> 
(((1, 0, 0, 0), (0, -1, 0, 0), (0, 0, -1, 0), (0, 0, 0, 1)), 0, 9)

217 -> 
(((1, 0, 0, 0), (0, -1, 0, 0), (0, 0, 0, -1), (0, 0, 1, 0)), 1, 9)

218 -> 
(((1, 0, 0, 0), (0, 0, -1, 0), (0, -1, 0, 0), (0, 0, 0, 1)), 2, 9)

219 -> 
(((1, 0, 0, 0), (0, 0, 0, -1), (0, -1, 0, 0), (0, 0, 1, 0)), 3, 9)

220 -> 
(((1, 0, 0, 0), (0, 0, -1, 0), (0, 0, 0, -1), (0, 1, 0, 0)), 4, 9)

221 -> 
(((1, 0, 0, 0), (0, 0, 0, -1), (0, 0, -1, 0), (0, 1, 0, 0)), 5, 9)

222 -> 
(((0, 1, 0, 0), (-1, 0, 0, 0), (0, 0, -1, 0), (0, 0, 0, 1)), 6, 9)

223 -> 
(((0, 1, 0, 0), (-1, 0, 0, 0), (0, 0, 0, -1), (0, 0, 1, 0)), 7, 9)

224 -> 
(((0, 0, 1, 0), (-1, 0, 0, 0), (0, -1, 0, 0), (0, 0, 0, 1)), 8, 9)

225 -> 
(((0, 0, 0, 1), (-1, 0, 0, 0), (0, -1, 0, 0), (0, 0, 1, 0)), 9, 9)

226 -> 
(((0, 0, 1, 0), (-1, 0, 0, 0), (0, 0, 0, -1), (0, 1, 0, 0)), 10, 9)

227 -> 
(((0, 0, 0, 1), (-1, 0, 0, 0), (0, 0, -1, 0), (0, 1, 0, 0)), 11, 9)

228 -> 
(((0, 1, 0, 0), (0, 0, -1, 0), (-1, 0, 0, 0), (0, 0, 0, 1)), 12, 9)

229 -> 
(((0, 1, 0, 0), (0, 0, 0, -1), (-1, 0, 0, 0), (0, 0, 1, 0)), 13, 9)

230 -> 
(((0, 0, 1, 0), (0, -1, 0, 0), (-1, 0, 0, 0), (0, 0, 0, 1)), 14, 9)

231 -> 
(((0, 0, 0, 1), (0, -1, 0, 0), (-1, 0, 0, 0), (0, 0, 1, 0)), 15, 9)

232 -> 
(((0, 0, 1, 0), (0, 0, 0, -1), (-1, 0, 0, 0), (0, 1, 0, 0)), 16, 9)

233 -> 
(((0, 0, 0, 1), (0, 0, -1, 0), (-1, 0, 0, 0), (0, 1, 0, 0)), 17, 9)

234 -> 
(((0, 1, 0, 0), (0, 0, -1, 0), (0, 0, 0, -1), (1, 0, 0, 0)), 18, 9)

235 -> 
(((0, 1, 0, 0), (0, 0, 0, -1), (0, 0, -1, 0), (1, 0, 0, 0)), 19, 9)

236 -> 
(((0, 0, 1, 0), (0, -1, 0, 0), (0, 0, 0, -1), (1, 0, 0, 0)), 20, 9)

237 -> 
(((0, 0, 0, 1), (0, -1, 0, 0), (0, 0, -1, 0), (1, 0, 0, 0)), 21, 9)

238 -> 
(((0, 0, 1, 0), (0, 0, 0, -1), (0, -1, 0, 0), (1, 0, 0, 0)), 22, 9)

239 -> 
(((0, 0, 0, 1), (0, 0, -1, 0), (0, -1, 0, 0), (1, 0, 0, 0)), 23, 9)

240 -> 
(((1, 0, 0, 0), (0, -1, 0, 0), (0, 0, 1, 0), (0, 0, 0, -1)), 0, 10)

241 -> 
(((1, 0, 0, 0), (0, -1, 0, 0), (0, 0, 0, 1), (0, 0, -1, 0)), 1, 10)

242 -> 
(((1, 0, 0, 0), (0, 0, -1, 0), (0, 1, 0, 0), (0, 0, 0, -1)), 2, 10)

243 -> 
(((1, 0, 0, 0), (0, 0, 0, -1), (0, 1, 0, 0), (0, 0, -1, 0)), 3, 10)

244 -> 
(((1, 0, 0, 0), (0, 0, -1, 0), (0, 0, 0, 1), (0, -1, 0, 0)), 4, 10)

245 -> 
(((1, 0, 0, 0), (0, 0, 0, -1), (0, 0, 1, 0), (0, -1, 0, 0)), 5, 10)

246 -> 
(((0, 1, 0, 0), (-1, 0, 0, 0), (0, 0, 1, 0), (0, 0, 0, -1)), 6, 10)

247 -> 
(((0, 1, 0, 0), (-1, 0, 0, 0), (0, 0, 0, 1), (0, 0, -1, 0)), 7, 10)

248 -> 
(((0, 0, 1, 0), (-1, 0, 0, 0), (0, 1, 0, 0), (0, 0, 0, -1)), 8, 10)

249 -> 
(((0, 0, 0, 1), (-1, 0, 0, 0), (0, 1, 0, 0), (0, 0, -1, 0)), 9, 10)

250 -> 
(((0, 0, 1, 0), (-1, 0, 0, 0), (0, 0, 0, 1), (0, -1, 0, 0)), 10, 10)

251 -> 
(((0, 0, 0, 1), (-1, 0, 0, 0), (0, 0, 1, 0), (0, -1, 0, 0)), 11, 10)

252 -> 
(((0, 1, 0, 0), (0, 0, -1, 0), (1, 0, 0, 0), (0, 0, 0, -1)), 12, 10)

253 -> 
(((0, 1, 0, 0), (0, 0, 0, -1), (1, 0, 0, 0), (0, 0, -1, 0)), 13, 10)

254 -> 
(((0, 0, 1, 0), (0, -1, 0, 0), (1, 0, 0, 0), (0, 0, 0, -1)), 14, 10)

255 -> 
(((0, 0, 0, 1), (0, -1, 0, 0), (1, 0, 0, 0), (0, 0, -1, 0)), 15, 10)

256 -> 
(((0, 0, 1, 0), (0, 0, 0, -1), (1, 0, 0, 0), (0, -1, 0, 0)), 16, 10)

257 -> 
(((0, 0, 0, 1), (0, 0, -1, 0), (1, 0, 0, 0), (0, -1, 0, 0)), 17, 10)

258 -> 
(((0, 1, 0, 0), (0, 0, -1, 0), (0, 0, 0, 1), (-1, 0, 0, 0)), 18, 10)

259 -> 
(((0, 1, 0, 0), (0, 0, 0, -1), (0, 0, 1, 0), (-1, 0, 0, 0)), 19, 10)

260 -> 
(((0, 0, 1, 0), (0, -1, 0, 0), (0, 0, 0, 1), (-1, 0, 0, 0)), 20, 10)

261 -> 
(((0, 0, 0, 1), (0, -1, 0, 0), (0, 0, 1, 0), (-1, 0, 0, 0)), 21, 10)

262 -> 
(((0, 0, 1, 0), (0, 0, 0, -1), (0, 1, 0, 0), (-1, 0, 0, 0)), 22, 10)

263 -> 
(((0, 0, 0, 1), (0, 0, -1, 0), (0, 1, 0, 0), (-1, 0, 0, 0)), 23, 10)

264 -> 
(((1, 0, 0, 0), (0, -1, 0, 0), (0, 0, 1, 0), (0, 0, 0, 1)), 0, 11)

265 -> 
(((1, 0, 0, 0), (0, -1, 0, 0), (0, 0, 0, 1), (0, 0, 1, 0)), 1, 11)

266 -> 
(((1, 0, 0, 0), (0, 0, -1, 0), (0, 1, 0, 0), (0, 0, 0, 1)), 2, 11)

267 -> 
(((1, 0, 0, 0), (0, 0, 0, -1), (0, 1, 0, 0), (0, 0, 1, 0)), 3, 11)

268 -> 
(((1, 0, 0, 0), (0, 0, -1, 0), (0, 0, 0, 1), (0, 1, 0, 0)), 4, 11)

269 -> 
(((1, 0, 0, 0), (0, 0, 0, -1), (0, 0, 1, 0), (0, 1, 0, 0)), 5, 11)

270 -> 
(((0, 1, 0, 0), (-1, 0, 0, 0), (0, 0, 1, 0), (0, 0, 0, 1)), 6, 11)

271 -> 
(((0, 1, 0, 0), (-1, 0, 0, 0), (0, 0, 0, 1), (0, 0, 1, 0)), 7, 11)

272 -> 
(((0, 0, 1, 0), (-1, 0, 0, 0), (0, 1, 0, 0), (0, 0, 0, 1)), 8, 11)

273 -> 
(((0, 0, 0, 1), (-1, 0, 0, 0), (0, 1, 0, 0), (0, 0, 1, 0)), 9, 11)

274 -> 
(((0, 0, 1, 0), (-1, 0, 0, 0), (0, 0, 0, 1), (0, 1, 0, 0)), 10, 11)

275 -> 
(((0, 0, 0, 1), (-1, 0, 0, 0), (0, 0, 1, 0), (0, 1, 0, 0)), 11, 11)

276 -> 
(((0, 1, 0, 0), (0, 0, -1, 0), (1, 0, 0, 0), (0, 0, 0, 1)), 12, 11)

277 -> 
(((0, 1, 0, 0), (0, 0, 0, -1), (1, 0, 0, 0), (0, 0, 1, 0)), 13, 11)

278 -> 
(((0, 0, 1, 0), (0, -1, 0, 0), (1, 0, 0, 0), (0, 0, 0, 1)), 14, 11)

279 -> 
(((0, 0, 0, 1), (0, -1, 0, 0), (1, 0, 0, 0), (0, 0, 1, 0)), 15, 11)

280 -> 
(((0, 0, 1, 0), (0, 0, 0, -1), (1, 0, 0, 0), (0, 1, 0, 0)), 16, 11)

281 -> 
(((0, 0, 0, 1), (0, 0, -1, 0), (1, 0, 0, 0), (0, 1, 0, 0)), 17, 11)

282 -> 
(((0, 1, 0, 0), (0, 0, -1, 0), (0, 0, 0, 1), (1, 0, 0, 0)), 18, 11)

283 -> 
(((0, 1, 0, 0), (0, 0, 0, -1), (0, 0, 1, 0), (1, 0, 0, 0)), 19, 11)

284 -> 
(((0, 0, 1, 0), (0, -1, 0, 0), (0, 0, 0, 1), (1, 0, 0, 0)), 20, 11)

285 -> 
(((0, 0, 0, 1), (0, -1, 0, 0), (0, 0, 1, 0), (1, 0, 0, 0)), 21, 11)

286 -> 
(((0, 0, 1, 0), (0, 0, 0, -1), (0, 1, 0, 0), (1, 0, 0, 0)), 22, 11)

287 -> 
(((0, 0, 0, 1), (0, 0, -1, 0), (0, 1, 0, 0), (1, 0, 0, 0)), 23, 11)

288 -> 
(((1, 0, 0, 0), (0, 1, 0, 0), (0, 0, -1, 0), (0, 0, 0, -1)), 0, 12)

289 -> 
(((1, 0, 0, 0), (0, 1, 0, 0), (0, 0, 0, -1), (0, 0, -1, 0)), 1, 12)

290 -> 
(((1, 0, 0, 0), (0, 0, 1, 0), (0, -1, 0, 0), (0, 0, 0, -1)), 2, 12)

291 -> 
(((1, 0, 0, 0), (0, 0, 0, 1), (0, -1, 0, 0), (0, 0, -1, 0)), 3, 12)

292 -> 
(((1, 0, 0, 0), (0, 0, 1, 0), (0, 0, 0, -1), (0, -1, 0, 0)), 4, 12)

293 -> 
(((1, 0, 0, 0), (0, 0, 0, 1), (0, 0, -1, 0), (0, -1, 0, 0)), 5, 12)

294 -> 
(((0, 1, 0, 0), (1, 0, 0, 0), (0, 0, -1, 0), (0, 0, 0, -1)), 6, 12)

295 -> 
(((0, 1, 0, 0), (1, 0, 0, 0), (0, 0, 0, -1), (0, 0, -1, 0)), 7, 12)

296 -> 
(((0, 0, 1, 0), (1, 0, 0, 0), (0, -1, 0, 0), (0, 0, 0, -1)), 8, 12)

297 -> 
(((0, 0, 0, 1), (1, 0, 0, 0), (0, -1, 0, 0), (0, 0, -1, 0)), 9, 12)

298 -> 
(((0, 0, 1, 0), (1, 0, 0, 0), (0, 0, 0, -1), (0, -1, 0, 0)), 10, 12)

299 -> 
(((0, 0, 0, 1), (1, 0, 0, 0), (0, 0, -1, 0), (0, -1, 0, 0)), 11, 12)

300 -> 
(((0, 1, 0, 0), (0, 0, 1, 0), (-1, 0, 0, 0), (0, 0, 0, -1)), 12, 12)

301 -> 
(((0, 1, 0, 0), (0, 0, 0, 1), (-1, 0, 0, 0), (0, 0, -1, 0)), 13, 12)

302 -> 
(((0, 0, 1, 0), (0, 1, 0, 0), (-1, 0, 0, 0), (0, 0, 0, -1)), 14, 12)

303 -> 
(((0, 0, 0, 1), (0, 1, 0, 0), (-1, 0, 0, 0), (0, 0, -1, 0)), 15, 12)

304 -> 
(((0, 0, 1, 0), (0, 0, 0, 1), (-1, 0, 0, 0), (0, -1, 0, 0)), 16, 12)

305 -> 
(((0, 0, 0, 1), (0, 0, 1, 0), (-1, 0, 0, 0), (0, -1, 0, 0)), 17, 12)

306 -> 
(((0, 1, 0, 0), (0, 0, 1, 0), (0, 0, 0, -1), (-1, 0, 0, 0)), 18, 12)

307 -> 
(((0, 1, 0, 0), (0, 0, 0, 1), (0, 0, -1, 0), (-1, 0, 0, 0)), 19, 12)

308 -> 
(((0, 0, 1, 0), (0, 1, 0, 0), (0, 0, 0, -1), (-1, 0, 0, 0)), 20, 12)

309 -> 
(((0, 0, 0, 1), (0, 1, 0, 0), (0, 0, -1, 0), (-1, 0, 0, 0)), 21, 12)

310 -> 
(((0, 0, 1, 0), (0, 0, 0, 1), (0, -1, 0, 0), (-1, 0, 0, 0)), 22, 12)

311 -> 
(((0, 0, 0, 1), (0, 0, 1, 0), (0, -1, 0, 0), (-1, 0, 0, 0)), 23, 12)

312 -> 
(((1, 0, 0, 0), (0, 1, 0, 0), (0, 0, -1, 0), (0, 0, 0, 1)), 0, 13)

313 -> 
(((1, 0, 0, 0), (0, 1, 0, 0), (0, 0, 0, -1), (0, 0, 1, 0)), 1, 13)

314 -> 
(((1, 0, 0, 0), (0, 0, 1, 0), (0, -1, 0, 0), (0, 0, 0, 1)), 2, 13)

315 -> 
(((1, 0, 0, 0), (0, 0, 0, 1), (0, -1, 0, 0), (0, 0, 1, 0)), 3, 13)

316 -> 
(((1, 0, 0, 0), (0, 0, 1, 0), (0, 0, 0, -1), (0, 1, 0, 0)), 4, 13)

317 -> 
(((1, 0, 0, 0), (0, 0, 0, 1), (0, 0, -1, 0), (0, 1, 0, 0)), 5, 13)

318 -> 
(((0, 1, 0, 0), (1, 0, 0, 0), (0, 0, -1, 0), (0, 0, 0, 1)), 6, 13)

319 -> 
(((0, 1, 0, 0), (1, 0, 0, 0), (0, 0, 0, -1), (0, 0, 1, 0)), 7, 13)

320 -> 
(((0, 0, 1, 0), (1, 0, 0, 0), (0, -1, 0, 0), (0, 0, 0, 1)), 8, 13)

321 -> 
(((0, 0, 0, 1), (1, 0, 0, 0), (0, -1, 0, 0), (0, 0, 1, 0)), 9, 13)

322 -> 
(((0, 0, 1, 0), (1, 0, 0, 0), (0, 0, 0, -1), (0, 1, 0, 0)), 10, 13)

323 -> 
(((0, 0, 0, 1), (1, 0, 0, 0), (0, 0, -1, 0), (0, 1, 0, 0)), 11, 13)

324 -> 
(((0, 1, 0, 0), (0, 0, 1, 0), (-1, 0, 0, 0), (0, 0, 0, 1)), 12, 13)

325 -> 
(((0, 1, 0, 0), (0, 0, 0, 1), (-1, 0, 0, 0), (0, 0, 1, 0)), 13, 13)

326 -> 
(((0, 0, 1, 0), (0, 1, 0, 0), (-1, 0, 0, 0), (0, 0, 0, 1)), 14, 13)

327 -> 
(((0, 0, 0, 1), (0, 1, 0, 0), (-1, 0, 0, 0), (0, 0, 1, 0)), 15, 13)

328 -> 
(((0, 0, 1, 0), (0, 0, 0, 1), (-1, 0, 0, 0), (0, 1, 0, 0)), 16, 13)

329 -> 
(((0, 0, 0, 1), (0, 0, 1, 0), (-1, 0, 0, 0), (0, 1, 0, 0)), 17, 13)

330 -> 
(((0, 1, 0, 0), (0, 0, 1, 0), (0, 0, 0, -1), (1, 0, 0, 0)), 18, 13)

331 -> 
(((0, 1, 0, 0), (0, 0, 0, 1), (0, 0, -1, 0), (1, 0, 0, 0)), 19, 13)

332 -> 
(((0, 0, 1, 0), (0, 1, 0, 0), (0, 0, 0, -1), (1, 0, 0, 0)), 20, 13)

333 -> 
(((0, 0, 0, 1), (0, 1, 0, 0), (0, 0, -1, 0), (1, 0, 0, 0)), 21, 13)

334 -> 
(((0, 0, 1, 0), (0, 0, 0, 1), (0, -1, 0, 0), (1, 0, 0, 0)), 22, 13)

335 -> 
(((0, 0, 0, 1), (0, 0, 1, 0), (0, -1, 0, 0), (1, 0, 0, 0)), 23, 13)

336 -> 
(((1, 0, 0, 0), (0, 1, 0, 0), (0, 0, 1, 0), (0, 0, 0, -1)), 0, 14)

337 -> 
(((1, 0, 0, 0), (0, 1, 0, 0), (0, 0, 0, 1), (0, 0, -1, 0)), 1, 14)

338 -> 
(((1, 0, 0, 0), (0, 0, 1, 0), (0, 1, 0, 0), (0, 0, 0, -1)), 2, 14)

339 -> 
(((1, 0, 0, 0), (0, 0, 0, 1), (0, 1, 0, 0), (0, 0, -1, 0)), 3, 14)

340 -> 
(((1, 0, 0, 0), (0, 0, 1, 0), (0, 0, 0, 1), (0, -1, 0, 0)), 4, 14)

341 -> 
(((1, 0, 0, 0), (0, 0, 0, 1), (0, 0, 1, 0), (0, -1, 0, 0)), 5, 14)

342 -> 
(((0, 1, 0, 0), (1, 0, 0, 0), (0, 0, 1, 0), (0, 0, 0, -1)), 6, 14)

343 -> 
(((0, 1, 0, 0), (1, 0, 0, 0), (0, 0, 0, 1), (0, 0, -1, 0)), 7, 14)

344 -> 
(((0, 0, 1, 0), (1, 0, 0, 0), (0, 1, 0, 0), (0, 0, 0, -1)), 8, 14)

345 -> 
(((0, 0, 0, 1), (1, 0, 0, 0), (0, 1, 0, 0), (0, 0, -1, 0)), 9, 14)

346 -> 
(((0, 0, 1, 0), (1, 0, 0, 0), (0, 0, 0, 1), (0, -1, 0, 0)), 10, 14)

347 -> 
(((0, 0, 0, 1), (1, 0, 0, 0), (0, 0, 1, 0), (0, -1, 0, 0)), 11, 14)

348 -> 
(((0, 1, 0, 0), (0, 0, 1, 0), (1, 0, 0, 0), (0, 0, 0, -1)), 12, 14)

349 -> 
(((0, 1, 0, 0), (0, 0, 0, 1), (1, 0, 0, 0), (0, 0, -1, 0)), 13, 14)

350 -> 
(((0, 0, 1, 0), (0, 1, 0, 0), (1, 0, 0, 0), (0, 0, 0, -1)), 14, 14)

351 -> 
(((0, 0, 0, 1), (0, 1, 0, 0), (1, 0, 0, 0), (0, 0, -1, 0)), 15, 14)

352 -> 
(((0, 0, 1, 0), (0, 0, 0, 1), (1, 0, 0, 0), (0, -1, 0, 0)), 16, 14)

353 -> 
(((0, 0, 0, 1), (0, 0, 1, 0), (1, 0, 0, 0), (0, -1, 0, 0)), 17, 14)

354 -> 
(((0, 1, 0, 0), (0, 0, 1, 0), (0, 0, 0, 1), (-1, 0, 0, 0)), 18, 14)

355 -> 
(((0, 1, 0, 0), (0, 0, 0, 1), (0, 0, 1, 0), (-1, 0, 0, 0)), 19, 14)

356 -> 
(((0, 0, 1, 0), (0, 1, 0, 0), (0, 0, 0, 1), (-1, 0, 0, 0)), 20, 14)

357 -> 
(((0, 0, 0, 1), (0, 1, 0, 0), (0, 0, 1, 0), (-1, 0, 0, 0)), 21, 14)

358 -> 
(((0, 0, 1, 0), (0, 0, 0, 1), (0, 1, 0, 0), (-1, 0, 0, 0)), 22, 14)

359 -> 
(((0, 0, 0, 1), (0, 0, 1, 0), (0, 1, 0, 0), (-1, 0, 0, 0)), 23, 14)

360 -> 
(((1, 0, 0, 0), (0, 1, 0, 0), (0, 0, 1, 0), (0, 0, 0, 1)), 0, 15)

361 -> 
(((1, 0, 0, 0), (0, 1, 0, 0), (0, 0, 0, 1), (0, 0, 1, 0)), 1, 15)

362 -> 
(((1, 0, 0, 0), (0, 0, 1, 0), (0, 1, 0, 0), (0, 0, 0, 1)), 2, 15)

363 -> 
(((1, 0, 0, 0), (0, 0, 0, 1), (0, 1, 0, 0), (0, 0, 1, 0)), 3, 15)

364 -> 
(((1, 0, 0, 0), (0, 0, 1, 0), (0, 0, 0, 1), (0, 1, 0, 0)), 4, 15)

365 -> 
(((1, 0, 0, 0), (0, 0, 0, 1), (0, 0, 1, 0), (0, 1, 0, 0)), 5, 15)

366 -> 
(((0, 1, 0, 0), (1, 0, 0, 0), (0, 0, 1, 0), (0, 0, 0, 1)), 6, 15)

367 -> 
(((0, 1, 0, 0), (1, 0, 0, 0), (0, 0, 0, 1), (0, 0, 1, 0)), 7, 15)

368 -> 
(((0, 0, 1, 0), (1, 0, 0, 0), (0, 1, 0, 0), (0, 0, 0, 1)), 8, 15)

369 -> 
(((0, 0, 0, 1), (1, 0, 0, 0), (0, 1, 0, 0), (0, 0, 1, 0)), 9, 15)

370 -> 
(((0, 0, 1, 0), (1, 0, 0, 0), (0, 0, 0, 1), (0, 1, 0, 0)), 10, 15)

371 -> 
(((0, 0, 0, 1), (1, 0, 0, 0), (0, 0, 1, 0), (0, 1, 0, 0)), 11, 15)

372 -> 
(((0, 1, 0, 0), (0, 0, 1, 0), (1, 0, 0, 0), (0, 0, 0, 1)), 12, 15)

373 -> 
(((0, 1, 0, 0), (0, 0, 0, 1), (1, 0, 0, 0), (0, 0, 1, 0)), 13, 15)

374 -> 
(((0, 0, 1, 0), (0, 1, 0, 0), (1, 0, 0, 0), (0, 0, 0, 1)), 14, 15)

375 -> 
(((0, 0, 0, 1), (0, 1, 0, 0), (1, 0, 0, 0), (0, 0, 1, 0)), 15, 15)

376 -> 
(((0, 0, 1, 0), (0, 0, 0, 1), (1, 0, 0, 0), (0, 1, 0, 0)), 16, 15)

377 -> 
(((0, 0, 0, 1), (0, 0, 1, 0), (1, 0, 0, 0), (0, 1, 0, 0)), 17, 15)

378 -> 
(((0, 1, 0, 0), (0, 0, 1, 0), (0, 0, 0, 1), (1, 0, 0, 0)), 18, 15)

379 -> 
(((0, 1, 0, 0), (0, 0, 0, 1), (0, 0, 1, 0), (1, 0, 0, 0)), 19, 15)

380 -> 
(((0, 0, 1, 0), (0, 1, 0, 0), (0, 0, 0, 1), (1, 0, 0, 0)), 20, 15)

381 -> 
(((0, 0, 0, 1), (0, 1, 0, 0), (0, 0, 1, 0), (1, 0, 0, 0)), 21, 15)

382 -> 
(((0, 0, 1, 0), (0, 0, 0, 1), (0, 1, 0, 0), (1, 0, 0, 0)), 22, 15)

383 -> 
(((0, 0, 0, 1), (0, 0, 1, 0), (0, 1, 0, 0), (1, 0, 0, 0)), 23, 15)
