
0 -> 
(((-1, 0, 0, 0), (0, -1, 0, 0), (0, 0, -1, 0), (0, 0, 0, -1)), 0, 0)

1 -> 
(((-1, 0, 0, 0), (0, -1, 0, 0), (0, 0, 0, -1), (0, 0, -1, 0)), 1, 0)

2 -> 
(((-1, 0, 0, 0), (0, 0, -1, 0), (0, -1, 0, 0), (0, 0, 0, -1)), 2, 0)

3 -> 
(((-1, 0, 0, 0), (0, 0, -1, 0), (0, 0, 0, -1), (0, -1, 0, 0)), 4, 0)

4 -> 
(((-1, 0, 0, 0), (0, 0, 0, -1), (0, -1, 0, 0), (0, 0, -1, 0)), 3, 0)

5 -> 
(((-1, 0, 0, 0), (0, 0, 0, -1), (0, 0, -1, 0), (0, -1, 0, 0)), 5, 0)

6 -> 
(((0, -1, 0, 0), (-1, 0, 0, 0), (0, 0, -1, 0), (0, 0, 0, -1)), 6, 0)

7 -> 
(((0, -1, 0, 0), (-1, 0, 0, 0), (0, 0, 0, -1), (0, 0, -1, 0)), 7, 0)

8 -> 
(((0, -1, 0, 0), (0, 0, -1, 0), (-1, 0, 0, 0), (0, 0, 0, -1)), 12, 0)

9 -> 
(((0, -1, 0, 0), (0, 0, -1, 0), (0, 0, 0, -1), (-1, 0, 0, 0)), 18, 0)

10 -> 
(((0, -1, 0, 0), (0, 0, 0, -1), (-1, 0, 0, 0), (0, 0, -1, 0)), 13, 0)

11 -> 
(((0, -1, 0, 0), (0, 0, 0, -1), (0, 0, -1, 0), (-1, 0, 0, 0)), 19, 0)

12 -> 
(((0, 0, -1, 0), (-1, 0, 0, 0), (0, -1, 0, 0), (0, 0, 0, -1)), 8, 0)

13 -> 
(((0, 0, -1, 0), (-1, 0, 0, 0), (0, 0, 0, -1), (0, -1, 0, 0)), 10, 0)

14 -> 
(((0, 0, -1, 0), (0, -1, 0, 0), (-1, 0, 0, 0), (0, 0, 0, -1)), 14, 0)

15 -> 
(((0, 0, -1, 0), (0, -1, 0, 0), (0, 0, 0, -1), (-1, 0, 0, 0)), 20, 0)

16 -> 
(((0, 0, -1, 0), (0, 0, 0, -1), (-1, 0, 0, 0), (0, -1, 0, 0)), 16, 0)

17 -> 
(((0, 0, -1, 0), (0, 0, 0, -1), (0, -1, 0, 0), (-1, 0, 0, 0)), 22, 0)

18 -> 
(((0, 0, 0, -1), (-1, 0, 0, 0), (0, -1, 0, 0), (0, 0, -1, 0)), 9, 0)

19 -> 
(((0, 0, 0, -1), (-1, 0, 0, 0), (0, 0, -1, 0), (0, -1, 0, 0)), 11, 0)

20 -> 
(((0, 0, 0, -1), (0, -1, 0, 0), (-1, 0, 0, 0), (0, 0, -1, 0)), 15, 0)

21 -> 
(((0, 0, 0, -1), (0, -1, 0, 0), (0, 0, -1, 0), (-1, 0, 0, 0)), 21, 0)

22 -> 
(((0, 0, 0, -1), (0, 0, -1, 0), (-1, 0, 0, 0), (0, -1, 0, 0)), 17, 0)

23 -> 
(((0, 0, 0, -1), (0, 0, -1, 0), (0, -1, 0, 0), (-1, 0, 0, 0)), 23, 0)

24 -> 
(((-1, 0, 0, 0), (0, -1, 0, 0), (0, 0, -1, 0), (0, 0, 0, 1)), 0, 1)

25 -> 
(((-1, 0, 0, 0), (0, -1, 0, 0), (0, 0, 0, 1), (0, 0, -1, 0)), 1, 2)

26 -> 
(((-1, 0, 0, 0), (0, 0, -1, 0), (0, -1, 0, 0), (0, 0, 0, 1)), 2, 1)

27 -> 
(((-1, 0, 0, 0), (0, 0, -1, 0), (0, 0, 0, 1), (0, -1, 0, 0)), 4, 2)

28 -> 
(((-1, 0, 0, 0), (0, 0, 0, 1), (0, -1, 0, 0), (0, 0, -1, 0)), 3, 4)

29 -> 
(((-1, 0, 0, 0), (0, 0, 0, 1), (0, 0, -1, 0), (0, -1, 0, 0)), 5, 4)

30 -> 
(((0, -1, 0, 0), (-1, 0, 0, 0), (0, 0, -1, 0), (0, 0, 0, 1)), 6, 1)

31 -> 
(((0, -1, 0, 0), (-1, 0, 0, 0), (0, 0, 0, 1), (0, 0, -1, 0)), 7, 2)

32 -> 
(((0, -1, 0, 0), (0, 0, -1, 0), (-1, 0, 0, 0), (0, 0, 0, 1)), 12, 1)

33 -> 
(((0, -1, 0, 0), (0, 0, -1, 0), (0, 0, 0, 1), (-1, 0, 0, 0)), 18, 2)

34 -> 
(((0, -1, 0, 0), (0, 0, 0, 1), (-1, 0, 0, 0), (0, 0, -1, 0)), 13, 4)

35 -> 
(((0, -1, 0, 0), (0, 0, 0, 1), (0, 0, -1, 0), (-1, 0, 0, 0)), 19, 4)

36 -> 
(((0, 0, -1, 0), (-1, 0, 0, 0), (0, -1, 0, 0), (0, 0, 0, 1)), 8, 1)

37 -> 
(((0, 0, -1, 0), (-1, 0, 0, 0), (0, 0, 0, 1), (0, -1, 0, 0)), 10, 2)

38 -> 
(((0, 0, -1, 0), (0, -1, 0, 0), (-1, 0, 0, 0), (0, 0, 0, 1)), 14, 1)

39 -> 
(((0, 0, -1, 0), (0, -1, 0, 0), (0, 0, 0, 1), (-1, 0, 0, 0)), 20, 2)

40 -> 
(((0, 0, -1, 0), (0, 0, 0, 1), (-1, 0, 0, 0), (0, -1, 0, 0)), 16, 4)

41 -> 
(((0, 0, -1, 0), (0, 0, 0, 1), (0, -1, 0, 0), (-1, 0, 0, 0)), 22, 4)

42 -> 
(((0, 0, 0, 1), (-1, 0, 0, 0), (0, -1, 0, 0), (0, 0, -1, 0)), 9, 8)

43 -> 
(((0, 0, 0, 1), (-1, 0, 0, 0), (0, 0, -1, 0), (0, -1, 0, 0)), 11, 8)

44 -> 
(((0, 0, 0, 1), (0, -1, 0, 0), (-1, 0, 0, 0), (0, 0, -1, 0)), 15, 8)

45 -> 
(((0, 0, 0, 1), (0, -1, 0, 0), (0, 0, -1, 0), (-1, 0, 0, 0)), 21, 8)

46 -> 
(((0, 0, 0, 1), (0, 0, -1, 0), (-1, 0, 0, 0), (0, -1, 0, 0)), 17, 8)

47 -> 
(((0, 0, 0, 1), (0, 0, -1, 0), (0, -1, 0, 0), (-1, 0, 0, 0)), 23, 8)

48 -> 
(((-1, 0, 0, 0), (0, -1, 0, 0), (0, 0, 1, 0), (0, 0, 0, -1)), 0, 2)

49 -> 
(((-1, 0, 0, 0), (0, -1, 0, 0), (0, 0, 0, -1), (0, 0, 1, 0)), 1, 1)

50 -> 
(((-1, 0, 0, 0), (0, 0, 1, 0), (0, -1, 0, 0), (0, 0, 0, -1)), 2, 4)

51 -> 
(((-1, 0, 0, 0), (0, 0, 1, 0), (0, 0, 0, -1), (0, -1, 0, 0)), 4, 4)

52 -> 
(((-1, 0, 0, 0), (0, 0, 0, -1), (0, -1, 0, 0), (0, 0, 1, 0)), 3, 1)

53 -> 
(((-1, 0, 0, 0), (0, 0, 0, -1), (0, 0, 1, 0), (0, -1, 0, 0)), 5, 2)

54 -> 
(((0, -1, 0, 0), (-1, 0, 0, 0), (0, 0, 1, 0), (0, 0, 0, -1)), 6, 2)

55 -> 
(((0, -1, 0, 0), (-1, 0, 0, 0), (0, 0, 0, -1), (0, 0, 1, 0)), 7, 1)

56 -> 
(((0, -1, 0, 0), (0, 0, 1, 0), (-1, 0, 0, 0), (0, 0, 0, -1)), 12, 4)

57 -> 
(((0, -1, 0, 0), (0, 0, 1, 0), (0, 0, 0, -1), (-1, 0, 0, 0)), 18, 4)

58 -> 
(((0, -1, 0, 0), (0, 0, 0, -1), (-1, 0, 0, 0), (0, 0, 1, 0)), 13, 1)

59 -> 
(((0, -1, 0, 0), (0, 0, 0, -1), (0, 0, 1, 0), (-1, 0, 0, 0)), 19, 2)

60 -> 
(((0, 0, 1, 0), (-1, 0, 0, 0), (0, -1, 0, 0), (0, 0, 0, -1)), 8, 8)

61 -> 
(((0, 0, 1, 0), (-1, 0, 0, 0), (0, 0, 0, -1), (0, -1, 0, 0)), 10, 8)

62 -> 
(((0, 0, 1, 0), (0, -1, 0, 0), (-1, 0, 0, 0), (0, 0, 0, -1)), 14, 8)

63 -> 
(((0, 0, 1, 0), (0, -1, 0, 0), (0, 0, 0, -1), (-1, 0, 0, 0)), 20, 8)

64 -> 
(((0, 0, 1, 0), (0, 0, 0, -1), (-1, 0, 0, 0), (0, -1, 0, 0)), 16, 8)

65 -> 
(((0, 0, 1, 0), (0, 0, 0, -1), (0, -1, 0, 0), (-1, 0, 0, 0)), 22, 8)

66 -> 
(((0, 0, 0, -1), (-1, 0, 0, 0), (0, -1, 0, 0), (0, 0, 1, 0)), 9, 1)

67 -> 
(((0, 0, 0, -1), (-1, 0, 0, 0), (0, 0, 1, 0), (0, -1, 0, 0)), 11, 2)

68 -> 
(((0, 0, 0, -1), (0, -1, 0, 0), (-1, 0, 0, 0), (0, 0, 1, 0)), 15, 1)

69 -> 
(((0, 0, 0, -1), (0, -1, 0, 0), (0, 0, 1, 0), (-1, 0, 0, 0)), 21, 2)

70 -> 
(((0, 0, 0, -1), (0, 0, 1, 0), (-1, 0, 0, 0), (0, -1, 0, 0)), 17, 4)

71 -> 
(((0, 0, 0, -1), (0, 0, 1, 0), (0, -1, 0, 0), (-1, 0, 0, 0)), 23, 4)

72 -> 
(((-1, 0, 0, 0), (0, -1, 0, 0), (0, 0, 1, 0), (0, 0, 0, 1)), 0, 3)

73 -> 
(((-1, 0, 0, 0), (0, -1, 0, 0), (0, 0, 0, 1), (0, 0, 1, 0)), 1, 3)

74 -> 
(((-1, 0, 0, 0), (0, 0, 1, 0), (0, -1, 0, 0), (0, 0, 0, 1)), 2, 5)

75 -> 
(((-1, 0, 0, 0), (0, 0, 1, 0), (0, 0, 0, 1), (0, -1, 0, 0)), 4, 6)

76 -> 
(((-1, 0, 0, 0), (0, 0, 0, 1), (0, -1, 0, 0), (0, 0, 1, 0)), 3, 5)

77 -> 
(((-1, 0, 0, 0), (0, 0, 0, 1), (0, 0, 1, 0), (0, -1, 0, 0)), 5, 6)

78 -> 
(((0, -1, 0, 0), (-1, 0, 0, 0), (0, 0, 1, 0), (0, 0, 0, 1)), 6, 3)

79 -> 
(((0, -1, 0, 0), (-1, 0, 0, 0), (0, 0, 0, 1), (0, 0, 1, 0)), 7, 3)

80 -> 
(((0, -1, 0, 0), (0, 0, 1, 0), (-1, 0, 0, 0), (0, 0, 0, 1)), 12, 5)

81 -> 
(((0, -1, 0, 0), (0, 0, 1, 0), (0, 0, 0, 1), (-1, 0, 0, 0)), 18, 6)

82 -> 
(((0, -1, 0, 0), (0, 0, 0, 1), (-1, 0, 0, 0), (0, 0, 1, 0)), 13, 5)

83 -> 
(((0, -1, 0, 0), (0, 0, 0, 1), (0, 0, 1, 0), (-1, 0, 0, 0)), 19, 6)

84 -> 
(((0, 0, 1, 0), (-1, 0, 0, 0), (0, -1, 0, 0), (0, 0, 0, 1)), 8, 9)

85 -> 
(((0, 0, 1, 0), (-1, 0, 0, 0), (0, 0, 0, 1), (0, -1, 0, 0)), 10, 10)

86 -> 
(((0, 0, 1, 0), (0, -1, 0, 0), (-1, 0, 0, 0), (0, 0, 0, 1)), 14, 9)

87 -> 
(((0, 0, 1, 0), (0, -1, 0, 0), (0, 0, 0, 1), (-1, 0, 0, 0)), 20, 10)

88 -> 
(((0, 0, 1, 0), (0, 0, 0, 1), (-1, 0, 0, 0), (0, -1, 0, 0)), 16, 12)

89 -> 
(((0, 0, 1, 0), (0, 0, 0, 1), (0, -1, 0, 0), (-1, 0, 0, 0)), 22, 12)

90 -> 
(((0, 0, 0, 1), (-1, 0, 0, 0), (0, -1, 0, 0), (0, 0, 1, 0)), 9, 9)

91 -> 
(((0, 0, 0, 1), (-1, 0, 0, 0), (0, 0, 1, 0), (0, -1, 0, 0)), 11, 10)

92 -> 
(((0, 0, 0, 1), (0, -1, 0, 0), (-1, 0, 0, 0), (0, 0, 1, 0)), 15, 9)

93 -> 
(((0, 0, 0, 1), (0, -1, 0, 0), (0, 0, 1, 0), (-1, 0, 0, 0)), 21, 10)

94 -> 
(((0, 0, 0, 1), (0, 0, 1, 0), (-1, 0, 0, 0), (0, -1, 0, 0)), 17, 12)

95 -> 
(((0, 0, 0, 1), (0, 0, 1, 0), (0, -1, 0, 0), (-1, 0, 0, 0)), 23, 12)

96 -> 
(((-1, 0, 0, 0), (0, 1, 0, 0), (0, 0, -1, 0), (0, 0, 0, -1)), 0, 4)

97 -> 
(((-1, 0, 0, 0), (0, 1, 0, 0), (0, 0, 0, -1), (0, 0, -1, 0)), 1, 4)

98 -> 
(((-1, 0, 0, 0), (0, 0, -1, 0), (0, 1, 0, 0), (0, 0, 0, -1)), 2, 2)

99 -> 
(((-1, 0, 0, 0), (0, 0, -1, 0), (0, 0, 0, -1), (0, 1, 0, 0)), 4, 1)

100 -> 
(((-1, 0, 0, 0), (0, 0, 0, -1), (0, 1, 0, 0), (0, 0, -1, 0)), 3, 2)

101 -> 
(((-1, 0, 0, 0), (0, 0, 0, -1), (0, 0, -1, 0), (0, 1, 0, 0)), 5, 1)

102 -> 
(((0, 1, 0, 0), (-1, 0, 0, 0), (0, 0, -1, 0), (0, 0, 0, -1)), 6, 8)

103 -> 
(((0, 1, 0, 0), (-1, 0, 0, 0), (0, 0, 0, -1), (0, 0, -1, 0)), 7, 8)

104 -> 
(((0, 1, 0, 0), (0, 0, -1, 0), (-1, 0, 0, 0), (0, 0, 0, -1)), 12, 8)

105 -> 
(((0, 1, 0, 0), (0, 0, -1, 0), (0, 0, 0, -1), (-1, 0, 0, 0)), 18, 8)

106 -> 
(((0, 1, 0, 0), (0, 0, 0, -1), (-1, 0, 0, 0), (0, 0, -1, 0)), 13, 8)

107 -> 
(((0, 1, 0, 0), (0, 0, 0, -1), (0, 0, -1, 0), (-1, 0, 0, 0)), 19, 8)

108 -> 
(((0, 0, -1, 0), (-1, 0, 0, 0), (0, 1, 0, 0), (0, 0, 0, -1)), 8, 2)

109 -> 
(((0, 0, -1, 0), (-1, 0, 0, 0), (0, 0, 0, -1), (0, 1, 0, 0)), 10, 1)

110 -> 
(((0, 0, -1, 0), (0, 1, 0, 0), (-1, 0, 0, 0), (0, 0, 0, -1)), 14, 4)

111 -> 
(((0, 0, -1, 0), (0, 1, 0, 0), (0, 0, 0, -1), (-1, 0, 0, 0)), 20, 4)

112 -> 
(((0, 0, -1, 0), (0, 0, 0, -1), (-1, 0, 0, 0), (0, 1, 0, 0)), 16, 1)

113 -> 
(((0, 0, -1, 0), (0, 0, 0, -1), (0, 1, 0, 0), (-1, 0, 0, 0)), 22, 2)

114 -> 
(((0, 0, 0, -1), (-1, 0, 0, 0), (0, 1, 0, 0), (0, 0, -1, 0)), 9, 2)

115 -> 
(((0, 0, 0, -1), (-1, 0, 0, 0), (0, 0, -1, 0), (0, 1, 0, 0)), 11, 1)

116 -> 
(((0, 0, 0, -1), (0, 1, 0, 0), (-1, 0, 0, 0), (0, 0, -1, 0)), 15, 4)

117 -> 
(((0, 0, 0, -1), (0, 1, 0, 0), (0, 0, -1, 0), (-1, 0, 0, 0)), 21, 4)

118 -> 
(((0, 0, 0, -1), (0, 0, -1, 0), (-1, 0, 0, 0), (0, 1, 0, 0)), 17, 1)

119 -> 
(((0, 0, 0, -1), (0, 0, -1, 0), (0, 1, 0, 0), (-1, 0, 0, 0)), 23, 2)

120 -> 
(((-1, 0, 0, 0), (0, 1, 0, 0), (0, 0, -1, 0), (0, 0, 0, 1)), 0, 5)

121 -> 
(((-1, 0, 0, 0), (0, 1, 0, 0), (0, 0, 0, 1), (0, 0, -1, 0)), 1, 6)

122 -> 
(((-1, 0, 0, 0), (0, 0, -1, 0), (0, 1, 0, 0), (0, 0, 0, 1)), 2, 3)

123 -> 
(((-1, 0, 0, 0), (0, 0, -1, 0), (0, 0, 0, 1), (0, 1, 0, 0)), 4, 3)

124 -> 
(((-1, 0, 0, 0), (0, 0, 0, 1), (0, 1, 0, 0), (0, 0, -1, 0)), 3, 6)

125 -> 
(((-1, 0, 0, 0), (0, 0, 0, 1), (0, 0, -1, 0), (0, 1, 0, 0)), 5, 5)

126 -> 
(((0, 1, 0, 0), (-1, 0, 0, 0), (0, 0, -1, 0), (0, 0, 0, 1)), 6, 9)

127 -> 
(((0, 1, 0, 0), (-1, 0, 0, 0), (0, 0, 0, 1), (0, 0, -1, 0)), 7, 10)

128 -> 
(((0, 1, 0, 0), (0, 0, -1, 0), (-1, 0, 0, 0), (0, 0, 0, 1)), 12, 9)

129 -> 
(((0, 1, 0, 0), (0, 0, -1, 0), (0, 0, 0, 1), (-1, 0, 0, 0)), 18, 10)

130 -> 
(((0, 1, 0, 0), (0, 0, 0, 1), (-1, 0, 0, 0), (0, 0, -1, 0)), 13, 12)

131 -> 
(((0, 1, 0, 0), (0, 0, 0, 1), (0, 0, -1, 0), (-1, 0, 0, 0)), 19, 12)

132 -> 
(((0, 0, -1, 0), (-1, 0, 0, 0), (0, 1, 0, 0), (0, 0, 0, 1)), 8, 3)

133 -> 
(((0, 0, -1, 0), (-1, 0, 0, 0), (0, 0, 0, 1), (0, 1, 0, 0)), 10, 3)

134 -> 
(((0, 0, -1, 0), (0, 1, 0, 0), (-1, 0, 0, 0), (0, 0, 0, 1)), 14, 5)

135 -> 
(((0, 0, -1, 0), (0, 1, 0, 0), (0, 0, 0, 1), (-1, 0, 0, 0)), 20, 6)

136 -> 
(((0, 0, -1, 0), (0, 0, 0, 1), (-1, 0, 0, 0), (0, 1, 0, 0)), 16, 5)

137 -> 
(((0, 0, -1, 0), (0, 0, 0, 1), (0, 1, 0, 0), (-1, 0, 0, 0)), 22, 6)

138 -> 
(((0, 0, 0, 1), (-1, 0, 0, 0), (0, 1, 0, 0), (0, 0, -1, 0)), 9, 10)

139 -> 
(((0, 0, 0, 1), (-1, 0, 0, 0), (0, 0, -1, 0), (0, 1, 0, 0)), 11, 9)

140 -> 
(((0, 0, 0, 1), (0, 1, 0, 0), (-1, 0, 0, 0), (0, 0, -1, 0)), 15, 12)

141 -> 
(((0, 0, 0, 1), (0, 1, 0, 0), (0, 0, -1, 0), (-1, 0, 0, 0)), 21, 12)

142 -> 
(((0, 0, 0, 1), (0, 0, -1, 0), (-1, 0, 0, 0), (0, 1, 0, 0)), 17, 9)

143 -> 
(((0, 0, 0, 1), (0, 0, -1, 0), (0, 1, 0, 0), (-1, 0, 0, 0)), 23, 10)

144 -> 
(((-1, 0, 0, 0), (0, 1, 0, 0), (0, 0, 1, 0), (0, 0, 0, -1)), 0, 6)

145 -> 
(((-1, 0, 0, 0), (0, 1, 0, 0), (0, 0, 0, -1), (0, 0, 1, 0)), 1, 5)

146 -> 
(((-1, 0, 0, 0), (0, 0, 1, 0), (0, 1, 0, 0), (0, 0, 0, -1)), 2, 6)

147 -> 
(((-1, 0, 0, 0), (0, 0, 1, 0), (0, 0, 0, -1), (0, 1, 0, 0)), 4, 5)

148 -> 
(((-1, 0, 0, 0), (0, 0, 0, -1), (0, 1, 0, 0), (0, 0, 1, 0)), 3, 3)

149 -> 
(((-1, 0, 0, 0), (0, 0, 0, -1), (0, 0, 1, 0), (0, 1, 0, 0)), 5, 3)

150 -> 
(((0, 1, 0, 0), (-1, 0, 0, 0), (0, 0, 1, 0), (0, 0, 0, -1)), 6, 10)

151 -> 
(((0, 1, 0, 0), (-1, 0, 0, 0), (0, 0, 0, -1), (0, 0, 1, 0)), 7, 9)

152 -> 
(((0, 1, 0, 0), (0, 0, 1, 0), (-1, 0, 0, 0), (0, 0, 0, -1)), 12, 12)

153 -> 
(((0, 1, 0, 0), (0, 0, 1, 0), (0, 0, 0, -1), (-1, 0, 0, 0)), 18, 12)

154 -> 
(((0, 1, 0, 0), (0, 0, 0, -1), (-1, 0, 0, 0), (0, 0, 1, 0)), 13, 9)

155 -> 
(((0, 1, 0, 0), (0, 0, 0, -1), (0, 0, 1, 0), (-1, 0, 0, 0)), 19, 10)

156 -> 
(((0, 0, 1, 0), (-1, 0, 0, 0), (0, 1, 0, 0), (0, 0, 0, -1)), 8, 10)

157 -> 
(((0, 0, 1, 0), (-1, 0, 0, 0), (0, 0, 0, -1), (0, 1, 0, 0)), 10, 9)

158 -> 
(((0, 0, 1, 0), (0, 1, 0, 0), (-1, 0, 0, 0), (0, 0, 0, -1)), 14, 12)

159 -> 
(((0, 0, 1, 0), (0, 1, 0, 0), (0, 0, 0, -1), (-1, 0, 0, 0)), 20, 12)

160 -> 
(((0, 0, 1, 0), (0, 0, 0, -1), (-1, 0, 0, 0), (0, 1, 0, 0)), 16, 9)

161 -> 
(((0, 0, 1, 0), (0, 0, 0, -1), (0, 1, 0, 0), (-1, 0, 0, 0)), 22, 10)

162 -> 
(((0, 0, 0, -1), (-1, 0, 0, 0), (0, 1, 0, 0), (0, 0, 1, 0)), 9, 3)

163 -> 
(((0, 0, 0, -1), (-1, 0, 0, 0), (0, 0, 1, 0), (0, 1, 0, 0)), 11, 3)

164 -> 
(((0, 0, 0, -1), (0, 1, 0, 0), (-1, 0, 0, 0), (0, 0, 1, 0)), 15, 5)

165 -> 
(((0, 0, 0, -1), (0, 1, 0, 0), (0, 0, 1, 0), (-1, 0, 0, 0)), 21, 6)

166 -> 
(((0, 0, 0, -1), (0, 0, 1, 0), (-1, 0, 0, 0), (0, 1, 0, 0)), 17, 5)

167 -> 
(((0, 0, 0, -1), (0, 0, 1, 0), (0, 1, 0, 0), (-1, 0, 0, 0)), 23, 6)

168 -> 
(((-1, 0, 0, 0), (0, 1, 0, 0), (0, 0, 1, 0), (0, 0, 0, 1)), 0, 7)

169 -> 
(((-1, 0, 0, 0), (0, 1, 0, 0), (0, 0, 0, 1), (0, 0, 1, 0)), 1, 7)

170 -> 
(((-1, 0, 0, 0), (0, 0, 1, 0), (0, 1, 0, 0), (0, 0, 0, 1)), 2, 7)

171 -> 
(((-1, 0, 0, 0), (0, 0, 1, 0), (0, 0, 0, 1), (0, 1, 0, 0)), 4, 7)

172 -> 
(((-1, 0, 0, 0), (0, 0, 0, 1), (0, 1, 0, 0), (0, 0, 1, 0)), 3, 7)

173 -> 
(((-1, 0, 0, 0), (0, 0, 0, 1), (0, 0, 1, 0), (0, 1, 0, 0)), 5, 7)

174 -> 
(((0, 1, 0, 0), (-1, 0, 0, 0), (0, 0, 1, 0), (0, 0, 0, 1)), 6, 11)

175 -> 
(((0, 1, 0, 0), (-1, 0, 0, 0), (0, 0, 0, 1), (0, 0, 1, 0)), 7, 11)

176 -> 
(((0, 1, 0, 0), (0, 0, 1, 0), (-1, 0, 0, 0), (0, 0, 0, 1)), 12, 13)

177 -> 
(((0, 1, 0, 0), (0, 0, 1, 0), (0, 0, 0, 1), (-1, 0, 0, 0)), 18, 14)

178 -> 
(((0, 1, 0, 0), (0, 0, 0, 1), (-1, 0, 0, 0), (0, 0, 1, 0)), 13, 13)

179 -> 
(((0, 1, 0, 0), (0, 0, 0, 1), (0, 0, 1, 0), (-1, 0, 0, 0)), 19, 14)

180 -> 
(((0, 0, 1, 0), (-1, 0, 0, 0), (0, 1, 0, 0), (0, 0, 0, 1)), 8, 11)

181 -> 
(((0, 0, 1, 0), (-1, 0, 0, 0), (0, 0, 0, 1), (0, 1, 0, 0)), 10, 11)

182 -> 
(((0, 0, 1, 0), (0, 1, 0, 0), (-1, 0, 0, 0), (0, 0, 0, 1)), 14, 13)

183 -> 
(((0, 0, 1, 0), (0, 1, 0, 0), (0, 0, 0, 1), (-1, 0, 0, 0)), 20, 14)

184 -> 
(((0, 0, 1, 0), (0, 0, 0, 1), (-1, 0, 0, 0), (0, 1, 0, 0)), 16, 13)

185 -> 
(((0, 0, 1, 0), (0, 0, 0, 1), (0, 1, 0, 0), (-1, 0, 0, 0)), 22, 14)

186 -> 
(((0, 0, 0, 1), (-1, 0, 0, 0), (0, 1, 0, 0), (0, 0, 1, 0)), 9, 11)

187 -> 
(((0, 0, 0, 1), (-1, 0, 0, 0), (0, 0, 1, 0), (0, 1, 0, 0)), 11, 11)

188 -> 
(((0, 0, 0, 1), (0, 1, 0, 0), (-1, 0, 0, 0), (0, 0, 1, 0)), 15, 13)

189 -> 
(((0, 0, 0, 1), (0, 1, 0, 0), (0, 0, 1, 0), (-1, 0, 0, 0)), 21, 14)

190 -> 
(((0, 0, 0, 1), (0, 0, 1, 0), (-1, 0, 0, 0), (0, 1, 0, 0)), 17, 13)

191 -> 
(((0, 0, 0, 1), (0, 0, 1, 0), (0, 1, 0, 0), (-1, 0, 0, 0)), 23, 14)

192 -> 
(((1, 0, 0, 0), (0, -1, 0, 0), (0, 0, -1, 0), (0, 0, 0, -1)), 0, 8)

193 -> 
(((1, 0, 0, 0), (0, -1, 0, 0), (0, 0, 0, -1), (0, 0, -1, 0)), 1, 8)

194 -> 
(((1, 0, 0, 0), (0, 0, -1, 0), (0, -1, 0, 0), (0, 0, 0, -1)), 2, 8)

195 -> 
(((1, 0, 0, 0), (0, 0, -1, 0), (0, 0, 0, -1), (0, -1, 0, 0)), 4, 8)

196 -> 
(((1, 0, 0, 0), (0, 0, 0, -1), (0, -1, 0, 0), (0, 0, -1, 0)), 3, 8)

197 -> 
(((1, 0, 0, 0), (0, 0, 0, -1), (0, 0, -1, 0), (0, -1, 0, 0)), 5, 8)

198 -> 
(((0, -1, 0, 0), (1, 0, 0, 0), (0, 0, -1, 0), (0, 0, 0, -1)), 6, 4)

199 -> 
(((0, -1, 0, 0), (1, 0, 0, 0), (0, 0, 0, -1), (0, 0, -1, 0)), 7, 4)

200 -> 
(((0, -1, 0, 0), (0, 0, -1, 0), (1, 0, 0, 0), (0, 0, 0, -1)), 12, 2)

201 -> 
(((0, -1, 0, 0), (0, 0, -1, 0), (0, 0, 0, -1), (1, 0, 0, 0)), 18, 1)

202 -> 
(((0, -1, 0, 0), (0, 0, 0, -1), (1, 0, 0, 0), (0, 0, -1, 0)), 13, 2)

203 -> 
(((0, -1, 0, 0), (0, 0, 0, -1), (0, 0, -1, 0), (1, 0, 0, 0)), 19, 1)

204 -> 
(((0, 0, -1, 0), (1, 0, 0, 0), (0, -1, 0, 0), (0, 0, 0, -1)), 8, 4)

205 -> 
(((0, 0, -1, 0), (1, 0, 0, 0), (0, 0, 0, -1), (0, -1, 0, 0)), 10, 4)

206 -> 
(((0, 0, -1, 0), (0, -1, 0, 0), (1, 0, 0, 0), (0, 0, 0, -1)), 14, 2)

207 -> 
(((0, 0, -1, 0), (0, -1, 0, 0), (0, 0, 0, -1), (1, 0, 0, 0)), 20, 1)

208 -> 
(((0, 0, -1, 0), (0, 0, 0, -1), (1, 0, 0, 0), (0, -1, 0, 0)), 16, 2)

209 -> 
(((0, 0, -1, 0), (0, 0, 0, -1), (0, -1, 0, 0), (1, 0, 0, 0)), 22, 1)

210 -> 
(((0, 0, 0, -1), (1, 0, 0, 0), (0, -1, 0, 0), (0, 0, -1, 0)), 9, 4)

211 -> 
(((0, 0, 0, -1), (1, 0, 0, 0), (0, 0, -1, 0), (0, -1, 0, 0)), 11, 4)

212 -> 
(((0, 0, 0, -1), (0, -1, 0, 0), (1, 0, 0, 0), (0, 0, -1, 0)), 15, 2)

213 -> 
(((0, 0, 0, -1), (0, -1, 0, 0), (0, 0, -1, 0), (1, 0, 0, 0)), 21, 1)

214 -> 
(((0, 0, 0, -1), (0, 0, -1, 0), (1, 0, 0, 0), (0, -1, 0, 0)), 17, 2)

215 -> 
(((0, 0, 0, -1), (0, 0, -1, 0), (0, -1, 0, 0), (1, 0, 0, 0)), 23, 1)

216 -> 
(((1, 0, 0, 0), (0, -1, 0, 0), (0, 0, -1, 0), (0, 0, 0, 1)), 0, 9)

217 -> 
(((1, 0, 0, 0), (0, -1, 0, 0), (0, 0, 0, 1), (0, 0, -1, 0)), 1, 10)

218 -> 
(((1, 0, 0, 0), (0, 0, -1, 0), (0, -1, 0, 0), (0, 0, 0, 1)), 2, 9)

219 -> 
(((1, 0, 0, 0), (0, 0, -1, 0), (0, 0, 0, 1), (0, -1, 0, 0)), 4, 10)

220 -> 
(((1, 0, 0, 0), (0, 0, 0, 1), (0, -1, 0, 0), (0, 0, -1, 0)), 3, 12)

221 -> 
(((1, 0, 0, 0), (0, 0, 0, 1), (0, 0, -1, 0), (0, -1, 0, 0)), 5, 12)

222 -> 
(((0, -1, 0, 0), (1, 0, 0, 0), (0, 0, -1, 0), (0, 0, 0, 1)), 6, 5)

223 -> 
(((0, -1, 0, 0), (1, 0, 0, 0), (0, 0, 0, 1), (0, 0, -1, 0)), 7, 6)

224 -> 
(((0, -1, 0, 0), (0, 0, -1, 0), (1, 0, 0, 0), (0, 0, 0, 1)), 12, 3)

225 -> 
(((0, -1, 0, 0), (0, 0, -1, 0), (0, 0, 0, 1), (1, 0, 0, 0)), 18, 3)

226 -> 
(((0, -1, 0, 0), (0, 0, 0, 1), (1, 0, 0, 0), (0, 0, -1, 0)), 13, 6)

227 -> 
(((0, -1, 0, 0), (0, 0, 0, 1), (0, 0, -1, 0), (1, 0, 0, 0)), 19, 5)

228 -> 
(((0, 0, -1, 0), (1, 0, 0, 0), (0, -1, 0, 0), (0, 0, 0, 1)), 8, 5)

229 -> 
(((0, 0, -1, 0), (1, 0, 0, 0), (0, 0, 0, 1), (0, -1, 0, 0)), 10, 6)

230 -> 
(((0, 0, -1, 0), (0, -1, 0, 0), (1, 0, 0, 0), (0, 0, 0, 1)), 14, 3)

231 -> 
(((0, 0, -1, 0), (0, -1, 0, 0), (0, 0, 0, 1), (1, 0, 0, 0)), 20, 3)

232 -> 
(((0, 0, -1, 0), (0, 0, 0, 1), (1, 0, 0, 0), (0, -1, 0, 0)), 16, 6)

233 -> 
(((0, 0, -1, 0), (0, 0, 0, 1), (0, -1, 0, 0), (1, 0, 0, 0)), 22, 5)

234 -> 
(((0, 0, 0, 1), (1, 0, 0, 0), (0, -1, 0, 0), (0, 0, -1, 0)), 9, 12)

235 -> 
(((0, 0, 0, 1), (1, 0, 0, 0), (0, 0, -1, 0), (0, -1, 0, 0)), 11, 12)

236 -> 
(((0, 0, 0, 1), (0, -1, 0, 0), (1, 0, 0, 0), (0, 0, -1, 0)), 15, 10)

237 -> 
(((0, 0, 0, 1), (0, -1, 0, 0), (0, 0, -1, 0), (1, 0, 0, 0)), 21, 9)

238 -> 
(((0, 0, 0, 1), (0, 0, -1, 0), (1, 0, 0, 0), (0, -1, 0, 0)), 17, 10)

239 -> 
(((0, 0, 0, 1), (0, 0, -1, 0), (0, -1, 0, 0), (1, 0, 0, 0)), 23, 9)

240 -> 
(((1, 0, 0, 0), (0, -1, 0, 0), (0, 0, 1, 0), (0, 0, 0, -1)), 0, 10)

241 -> 
(((1, 0, 0, 0), (0, -1, 0, 0), (0, 0, 0, -1), (0, 0, 1, 0)), 1, 9)

242 -> 
(((1, 0, 0, 0), (0, 0, 1, 0), (0, -1, 0, 0), (0, 0, 0, -1)), 2, 12)

243 -> 
(((1, 0, 0, 0), (0, 0, 1, 0), (0, 0, 0, -1), (0, -1, 0, 0)), 4, 12)

244 -> 
(((1, 0, 0, 0), (0, 0, 0, -1), (0, -1, 0, 0), (0, 0, 1, 0)), 3, 9)

245 -> 
(((1, 0, 0, 0), (0, 0, 0, -1), (0, 0, 1, 0), (0, -1, 0, 0)), 5, 10)

246 -> 
(((0, -1, 0, 0), (1, 0, 0, 0), (0, 0, 1, 0), (0, 0, 0, -1)), 6, 6)

247 -> 
(((0, -1, 0, 0), (1, 0, 0, 0), (0, 0, 0, -1), (0, 0, 1, 0)), 7, 5)

248 -> 
(((0, -1, 0, 0), (0, 0, 1, 0), (1, 0, 0, 0), (0, 0, 0, -1)), 12, 6)

249 -> 
(((0, -1, 0, 0), (0, 0, 1, 0), (0, 0, 0, -1), (1, 0, 0, 0)), 18, 5)

250 -> 
(((0, -1, 0, 0), (0, 0, 0, -1), (1, 0, 0, 0), (0, 0, 1, 0)), 13, 3)

251 -> 
(((0, -1, 0, 0), (0, 0, 0, -1), (0, 0, 1, 0), (1, 0, 0, 0)), 19, 3)

252 -> 
(((0, 0, 1, 0), (1, 0, 0, 0), (0, -1, 0, 0), (0, 0, 0, -1)), 8, 12)

253 -> 
(((0, 0, 1, 0), (1, 0, 0, 0), (0, 0, 0, -1), (0, -1, 0, 0)), 10, 12)

254 -> 
(((0, 0, 1, 0), (0, -1, 0, 0), (1, 0, 0, 0), (0, 0, 0, -1)), 14, 10)

255 -> 
(((0, 0, 1, 0), (0, -1, 0, 0), (0, 0, 0, -1), (1, 0, 0, 0)), 20, 9)

256 -> 
(((0, 0, 1, 0), (0, 0, 0, -1), (1, 0, 0, 0), (0, -1, 0, 0)), 16, 10)

257 -> 
(((0, 0, 1, 0), (0, 0, 0, -1), (0, -1, 0, 0), (1, 0, 0, 0)), 22, 9)

258 -> 
(((0, 0, 0, -1), (1, 0, 0, 0), (0, -1, 0, 0), (0, 0, 1, 0)), 9, 5)

259 -> 
(((0, 0, 0, -1), (1, 0, 0, 0), (0, 0, 1, 0), (0, -1, 0, 0)), 11, 6)

260 -> 
(((0, 0, 0, -1), (0, -1, 0, 0), (1, 0, 0, 0), (0, 0, 1, 0)), 15, 3)

261 -> 
(((0, 0, 0, -1), (0, -1, 0, 0), (0, 0, 1, 0), (1, 0, 0, 0)), 21, 3)

262 -> 
(((0, 0, 0, -1), (0, 0, 1, 0), (1, 0, 0, 0), (0, -1, 0, 0)), 17, 6)

263 -> 
(((0, 0, 0, -1), (0, 0, 1, 0), (0, -1, 0, 0), (1, 0, 0, 0)), 23, 5)

264 -> 
(((1, 0, 0, 0), (0, -1, 0, 0), (0, 0, 1, 0), (0, 0, 0, 1)), 0, 11)

265 -> 
(((1, 0, 0, 0), (0, -1, 0, 0), (0, 0, 0, 1), (0, 0, 1, 0)), 1, 11)

266 -> 
(((1, 0, 0, 0), (0, 0, 1, 0), (0, -1, 0, 0), (0, 0, 0, 1)), 2, 13)

267 -> 
(((1, 0, 0, 0), (0, 0, 1, 0), (0, 0, 0, 1), (0, -1, 0, 0)), 4, 14)

268 -> 
(((1, 0, 0, 0), (0, 0, 0, 1), (0, -1, 0, 0), (0, 0, 1, 0)), 3, 13)

269 -> 
(((1, 0, 0, 0), (0, 0, 0, 1), (0, 0, 1, 0), (0, -1, 0, 0)), 5, 14)

270 -> 
(((0, -1, 0, 0), (1, 0, 0, 0), (0, 0, 1, 0), (0, 0, 0, 1)), 6, 7)

271 -> 
(((0, -1, 0, 0), (1, 0, 0, 0), (0, 0, 0, 1), (0, 0, 1, 0)), 7, 7)

272 -> 
(((0, -1, 0, 0), (0, 0, 1, 0), (1, 0, 0, 0), (0, 0, 0, 1)), 12, 7)

273 -> 
(((0, -1, 0, 0), (0, 0, 1, 0), (0, 0, 0, 1), (1, 0, 0, 0)), 18, 7)

274 -> 
(((0, -1, 0, 0), (0, 0, 0, 1), (1, 0, 0, 0), (0, 0, 1, 0)), 13, 7)

275 -> 
(((0, -1, 0, 0), (0, 0, 0, 1), (0, 0, 1, 0), (1, 0, 0, 0)), 19, 7)

276 -> 
(((0, 0, 1, 0), (1, 0, 0, 0), (0, -1, 0, 0), (0, 0, 0, 1)), 8, 13)

277 -> 
(((0, 0, 1, 0), (1, 0, 0, 0), (0, 0, 0, 1), (0, -1, 0, 0)), 10, 14)

278 -> 
(((0, 0, 1, 0), (0, -1, 0, 0), (1, 0, 0, 0), (0, 0, 0, 1)), 14, 11)

279 -> 
(((0, 0, 1, 0), (0, -1, 0, 0), (0, 0, 0, 1), (1, 0, 0, 0)), 20, 11)

280 -> 
(((0, 0, 1, 0), (0, 0, 0, 1), (1, 0, 0, 0), (0, -1, 0, 0)), 16, 14)

281 -> 
(((0, 0, 1, 0), (0, 0, 0, 1), (0, -1, 0, 0), (1, 0, 0, 0)), 22, 13)

282 -> 
(((0, 0, 0, 1), (1, 0, 0, 0), (0, -1, 0, 0), (0, 0, 1, 0)), 9, 13)

283 -> 
(((0, 0, 0, 1), (1, 0, 0, 0), (0, 0, 1, 0), (0, -1, 0, 0)), 11, 14)

284 -> 
(((0, 0, 0, 1), (0, -1, 0, 0), (1, 0, 0, 0), (0, 0, 1, 0)), 15, 11)

285 -> 
(((0, 0, 0, 1), (0, -1, 0, 0), (0, 0, 1, 0), (1, 0, 0, 0)), 21, 11)

286 -> 
(((0, 0, 0, 1), (0, 0, 1, 0), (1, 0, 0, 0), (0, -1, 0, 0)), 17, 14)

287 -> 
(((0, 0, 0, 1), (0, 0, 1, 0), (0, -1, 0, 0), (1, 0, 0, 0)), 23, 13)

288 -> 
(((1, 0, 0, 0), (0, 1, 0, 0), (0, 0, -1, 0), (0, 0, 0, -1)), 0, 12)

289 -> 
(((1, 0, 0, 0), (0, 1, 0, 0), (0, 0, 0, -1), (0, 0, -1, 0)), 1, 12)

290 -> 
(((1, 0, 0, 0), (0, 0, -1, 0), (0, 1, 0, 0), (0, 0, 0, -1)), 2, 10)

291 -> 
(((1, 0, 0, 0), (0, 0, -1, 0), (0, 0, 0, -1), (0, 1, 0, 0)), 4, 9)

292 -> 
(((1, 0, 0, 0), (0, 0, 0, -1), (0, 1, 0, 0), (0, 0, -1, 0)), 3, 10)

293 -> 
(((1, 0, 0, 0), (0, 0, 0, -1), (0, 0, -1, 0), (0, 1, 0, 0)), 5, 9)

294 -> 
(((0, 1, 0, 0), (1, 0, 0, 0), (0, 0, -1, 0), (0, 0, 0, -1)), 6, 12)

295 -> 
(((0, 1, 0, 0), (1, 0, 0, 0), (0, 0, 0, -1), (0, 0, -1, 0)), 7, 12)

296 -> 
(((0, 1, 0, 0), (0, 0, -1, 0), (1, 0, 0, 0), (0, 0, 0, -1)), 12, 10)

297 -> 
(((0, 1, 0, 0), (0, 0, -1, 0), (0, 0, 0, -1), (1, 0, 0, 0)), 18, 9)

298 -> 
(((0, 1, 0, 0), (0, 0, 0, -1), (1, 0, 0, 0), (0, 0, -1, 0)), 13, 10)

299 -> 
(((0, 1, 0, 0), (0, 0, 0, -1), (0, 0, -1, 0), (1, 0, 0, 0)), 19, 9)

300 -> 
(((0, 0, -1, 0), (1, 0, 0, 0), (0, 1, 0, 0), (0, 0, 0, -1)), 8, 6)

301 -> 
(((0, 0, -1, 0), (1, 0, 0, 0), (0, 0, 0, -1), (0, 1, 0, 0)), 10, 5)

302 -> 
(((0, 0, -1, 0), (0, 1, 0, 0), (1, 0, 0, 0), (0, 0, 0, -1)), 14, 6)

303 -> 
(((0, 0, -1, 0), (0, 1, 0, 0), (0, 0, 0, -1), (1, 0, 0, 0)), 20, 5)

304 -> 
(((0, 0, -1, 0), (0, 0, 0, -1), (1, 0, 0, 0), (0, 1, 0, 0)), 16, 3)

305 -> 
(((0, 0, -1, 0), (0, 0, 0, -1), (0, 1, 0, 0), (1, 0, 0, 0)), 22, 3)

306 -> 
(((0, 0, 0, -1), (1, 0, 0, 0), (0, 1, 0, 0), (0, 0, -1, 0)), 9, 6)

307 -> 
(((0, 0, 0, -1), (1, 0, 0, 0), (0, 0, -1, 0), (0, 1, 0, 0)), 11, 5)

308 -> 
(((0, 0, 0, -1), (0, 1, 0, 0), (1, 0, 0, 0), (0, 0, -1, 0)), 15, 6)

309 -> 
(((0, 0, 0, -1), (0, 1, 0, 0), (0, 0, -1, 0), (1, 0, 0, 0)), 21, 5)

310 -> 
(((0, 0, 0, -1), (0, 0, -1, 0), (1, 0, 0, 0), (0, 1, 0, 0)), 17, 3)

311 -> 
(((0, 0, 0, -1), (0, 0, -1, 0), (0, 1, 0, 0), (1, 0, 0, 0)), 23, 3)

312 -> 
(((1, 0, 0, 0), (0, 1, 0, 0), (0, 0, -1, 0), (0, 0, 0, 1)), 0, 13)

313 -> 
(((1, 0, 0, 0), (0, 1, 0, 0), (0, 0, 0, 1), (0, 0, -1, 0)), 1, 14)

314 -> 
(((1, 0, 0, 0), (0, 0, -1, 0), (0, 1, 0, 0), (0, 0, 0, 1)), 2, 11)

315 -> 
(((1, 0, 0, 0), (0, 0, -1, 0), (0, 0, 0, 1), (0, 1, 0, 0)), 4, 11)

316 -> 
(((1, 0, 0, 0), (0, 0, 0, 1), (0, 1, 0, 0), (0, 0, -1, 0)), 3, 14)

317 -> 
(((1, 0, 0, 0), (0, 0, 0, 1), (0, 0, -1, 0), (0, 1, 0, 0)), 5, 13)

318 -> 
(((0, 1, 0, 0), (1, 0, 0, 0), (0, 0, -1, 0), (0, 0, 0, 1)), 6, 13)

319 -> 
(((0, 1, 0, 0), (1, 0, 0, 0), (0, 0, 0, 1), (0, 0, -1, 0)), 7, 14)

320 -> 
(((0, 1, 0, 0), (0, 0, -1, 0), (1, 0, 0, 0), (0, 0, 0, 1)), 12, 11)

321 -> 
(((0, 1, 0, 0), (0, 0, -1, 0), (0, 0, 0, 1), (1, 0, 0, 0)), 18, 11)

322 -> 
(((0, 1, 0, 0), (0, 0, 0, 1), (1, 0, 0, 0), (0, 0, -1, 0)), 13, 14)

323 -> 
(((0, 1, 0, 0), (0, 0, 0, 1), (0, 0, -1, 0), (1, 0, 0, 0)), 19, 13)

324 -> 
(((0, 0, -1, 0), (1, 0, 0, 0), (0, 1, 0, 0), (0, 0, 0, 1)), 8, 7)

325 -> 
(((0, 0, -1, 0), (1, 0, 0, 0), (0, 0, 0, 1), (0, 1, 0, 0)), 10, 7)

326 -> 
(((0, 0, -1, 0), (0, 1, 0, 0), (1, 0, 0, 0), (0, 0, 0, 1)), 14, 7)

327 -> 
(((0, 0, -1, 0), (0, 1, 0, 0), (0, 0, 0, 1), (1, 0, 0, 0)), 20, 7)

328 -> 
(((0, 0, -1, 0), (0, 0, 0, 1), (1, 0, 0, 0), (0, 1, 0, 0)), 16, 7)

329 -> 
(((0, 0, -1, 0), (0, 0, 0, 1), (0, 1, 0, 0), (1, 0, 0, 0)), 22, 7)

330 -> 
(((0, 0, 0, 1), (1, 0, 0, 0), (0, 1, 0, 0), (0, 0, -1, 0)), 9, 14)

331 -> 
(((0, 0, 0, 1), (1, 0, 0, 0), (0, 0, -1, 0), (0, 1, 0, 0)), 11, 13)

332 -> 
(((0, 0, 0, 1), (0, 1, 0, 0), (1, 0, 0, 0), (0, 0, -1, 0)), 15, 14)

333 -> 
(((0, 0, 0, 1), (0, 1, 0, 0), (0, 0, -1, 0), (1, 0, 0, 0)), 21, 13)

334 -> 
(((0, 0, 0, 1), (0, 0, -1, 0), (1, 0, 0, 0), (0, 1, 0, 0)), 17, 11)

335 -> 
(((0, 0, 0, 1), (0, 0, -1, 0), (0, 1, 0, 0), (1, 0, 0, 0)), 23, 11)

336 -> 
(((1, 0, 0, 0), (0, 1, 0, 0), (0, 0, 1, 0), (0, 0, 0, -1)), 0, 14)

337 -> 
(((1, 0, 0, 0), (0, 1, 0, 0), (0, 0, 0, -1), (0, 0, 1, 0)), 1, 13)

338 -> 
(((1, 0, 0, 0), (0, 0, 1, 0), (0, 1, 0, 0), (0, 0, 0, -1)), 2, 14)

339 -> 
(((1, 0, 0, 0), (0, 0, 1, 0), (0, 0, 0, -1), (0, 1, 0, 0)), 4, 13)

340 -> 
(((1, 0, 0, 0), (0, 0, 0, -1), (0, 1, 0, 0), (0, 0, 1, 0)), 3, 11)

341 -> 
(((1, 0, 0, 0), (0, 0, 0, -1), (0, 0, 1, 0), (0, 1, 0, 0)), 5, 11)

342 -> 
(((0, 1, 0, 0), (1, 0, 0, 0), (0, 0, 1, 0), (0, 0, 0, -1)), 6, 14)

343 -> 
(((0, 1, 0, 0), (1, 0, 0, 0), (0, 0, 0, -1), (0, 0, 1, 0)), 7, 13)

344 -> 
(((0, 1, 0, 0), (0, 0, 1, 0), (1, 0, 0, 0), (0, 0, 0, -1)), 12, 14)

345 -> 
(((0, 1, 0, 0), (0, 0, 1, 0), (0, 0, 0, -1), (1, 0, 0, 0)), 18, 13)

346 -> 
(((0, 1, 0, 0), (0, 0, 0, -1), (1, 0, 0, 0), (0, 0, 1, 0)), 13, 11)

347 -> 
(((0, 1, 0, 0), (0, 0, 0, -1), (0, 0, 1, 0), (1, 0, 0, 0)), 19, 11)

348 -> 
(((0, 0, 1, 0), (1, 0, 0, 0), (0, 1, 0, 0), (0, 0, 0, -1)), 8, 14)

349 -> 
(((0, 0, 1, 0), (1, 0, 0, 0), (0, 0, 0, -1), (0, 1, 0, 0)), 10, 13)

350 -> 
(((0, 0, 1, 0), (0, 1, 0, 0), (1, 0, 0, 0), (0, 0, 0, -1)), 14, 14)

351 -> 
(((0, 0, 1, 0), (0, 1, 0, 0), (0, 0, 0, -1), (1, 0, 0, 0)), 20, 13)

352 -> 
(((0, 0, 1, 0), (0, 0, 0, -1), (1, 0, 0, 0), (0, 1, 0, 0)), 16, 11)

353 -> 
(((0, 0, 1, 0), (0, 0, 0, -1), (0, 1, 0, 0), (1, 0, 0, 0)), 22, 11)

354 -> 
(((0, 0, 0, -1), (1, 0, 0, 0), (0, 1, 0, 0), (0, 0, 1, 0)), 9, 7)

355 -> 
(((0, 0, 0, -1), (1, 0, 0, 0), (0, 0, 1, 0), (0, 1, 0, 0)), 11, 7)

356 -> 
(((0, 0, 0, -1), (0, 1, 0, 0), (1, 0, 0, 0), (0, 0, 1, 0)), 15, 7)

357 -> 
(((0, 0, 0, -1), (0, 1, 0, 0), (0, 0, 1, 0), (1, 0, 0, 0)), 21, 7)

358 -> 
(((0, 0, 0, -1), (0, 0, 1, 0), (1, 0, 0, 0), (0, 1, 0, 0)), 17, 7)

359 -> 
(((0, 0, 0, -1), (0, 0, 1, 0), (0, 1, 0, 0), (1, 0, 0, 0)), 23, 7)

360 -> 
(((1, 0, 0, 0), (0, 1, 0, 0), (0, 0, 1, 0), (0, 0, 0, 1)), 0, 15)

361 -> 
(((1, 0, 0, 0), (0, 1, 0, 0), (0, 0, 0, 1), (0, 0, 1, 0)), 1, 15)

362 -> 
(((1, 0, 0, 0), (0, 0, 1, 0), (0, 1, 0, 0), (0, 0, 0, 1)), 2, 15)

363 -> 
(((1, 0, 0, 0), (0, 0, 1, 0), (0, 0, 0, 1), (0, 1, 0, 0)), 4, 15)

364 -> 
(((1, 0, 0, 0), (0, 0, 0, 1), (0, 1, 0, 0), (0, 0, 1, 0)), 3, 15)

365 -> 
(((1, 0, 0, 0), (0, 0, 0, 1), (0, 0, 1, 0), (0, 1, 0, 0)), 5, 15)

366 -> 
(((0, 1, 0, 0), (1, 0, 0, 0), (0, 0, 1, 0), (0, 0, 0, 1)), 6, 15)

367 -> 
(((0, 1, 0, 0), (1, 0, 0, 0), (0, 0, 0, 1), (0, 0, 1, 0)), 7, 15)

368 -> 
(((0, 1, 0, 0), (0, 0, 1, 0), (1, 0, 0, 0), (0, 0, 0, 1)), 12, 15)

369 -> 
(((0, 1, 0, 0), (0, 0, 1, 0), (0, 0, 0, 1), (1, 0, 0, 0)), 18, 15)

370 -> 
(((0, 1, 0, 0), (0, 0, 0, 1), (1, 0, 0, 0), (0, 0, 1, 0)), 13, 15)

371 -> 
(((0, 1, 0, 0), (0, 0, 0, 1), (0, 0, 1, 0), (1, 0, 0, 0)), 19, 15)

372 -> 
(((0, 0, 1, 0), (1, 0, 0, 0), (0, 1, 0, 0), (0, 0, 0, 1)), 8, 15)

373 -> 
(((0, 0, 1, 0), (1, 0, 0, 0), (0, 0, 0, 1), (0, 1, 0, 0)), 10, 15)

374 -> 
(((0, 0, 1, 0), (0, 1, 0, 0), (1, 0, 0, 0), (0, 0, 0, 1)), 14, 15)

375 -> 
(((0, 0, 1, 0), (0, 1, 0, 0), (0, 0, 0, 1), (1, 0, 0, 0)), 20, 15)

376 -> 
(((0, 0, 1, 0), (0, 0, 0, 1), (1, 0, 0, 0), (0, 1, 0, 0)), 16, 15)

377 -> 
(((0, 0, 1, 0), (0, 0, 0, 1), (0, 1, 0, 0), (1, 0, 0, 0)), 22, 15)

378 -> 
(((0, 0, 0, 1), (1, 0, 0, 0), (0, 1, 0, 0), (0, 0, 1, 0)), 9, 15)

379 -> 
(((0, 0, 0, 1), (1, 0, 0, 0), (0, 0, 1, 0), (0, 1, 0, 0)), 11, 15)

380 -> 
(((0, 0, 0, 1), (0, 1, 0, 0), (1, 0, 0, 0), (0, 0, 1, 0)), 15, 15)

381 -> 
(((0, 0, 0, 1), (0, 1, 0, 0), (0, 0, 1, 0), (1, 0, 0, 0)), 21, 15)

382 -> 
(((0, 0, 0, 1), (0, 0, 1, 0), (1, 0, 0, 0), (0, 1, 0, 0)), 17, 15)

383 -> 
(((0, 0, 0, 1), (0, 0, 1, 0), (0, 1, 0, 0), (1, 0, 0, 0)), 23, 15)
