
00 -> 
(((0, 0, 0, 0), (0, 0, 0, 0), (0, 0, 0, 0), (0, 0, 0, 0)), '-', '-')

10 -> 
(((0, -1, 0, 0), (1, 0, 0, 0), (0, 0, 0, 1), (0, 0, -1, 0)), 7, 6)

11 -> 
(((0, 1, 0, 0), (-1, 0, 0, 0), (0, 0, 0, -1), (0, 0, 1, 0)), 7, 9)

12 -> 
(((0, 0, -1, 0), (0, 0, 0, -1), (1, 0, 0, 0), (0, 1, 0, 0)), 16, 3)

13 -> 
(((0, 0, 1, 0), (0, 0, 0, 1), (-1, 0, 0, 0), (0, -1, 0, 0)), 16, 12)

14 -> 
(((0, 0, 0, -1), (0, 0, 1, 0), (0, -1, 0, 0), (1, 0, 0, 0)), 23, 5)

15 -> 
(((0, 0, 0, 1), (0, 0, -1, 0), (0, 1, 0, 0), (-1, 0, 0, 0)), 23, 10)

20 -> 
(((0, -1, 0, 0), (1, 0, 0, 0), (0, 0, 0, -1), (0, 0, 1, 0)), 7, 5)

21 -> 
(((0, 1, 0, 0), (-1, 0, 0, 0), (0, 0, 0, 1), (0, 0, -1, 0)), 7, 10)

22 -> 
(((0, 0, -1, 0), (0, 0, 0, 1), (1, 0, 0, 0), (0, -1, 0, 0)), 16, 6)

23 -> 
(((0, 0, 1, 0), (0, 0, 0, -1), (-1, 0, 0, 0), (0, 1, 0, 0)), 16, 9)

24 -> 
(((0, 0, 0, -1), (0, 0, -1, 0), (0, 1, 0, 0), (1, 0, 0, 0)), 23, 3)

25 -> 
(((0, 0, 0, 1), (0, 0, 1, 0), (0, -1, 0, 0), (-1, 0, 0, 0)), 23, 12)
